initial star masses: ~140-260 M_sun

helium core mass      64.00000       65.00000       70.00000       75.00000       80.00000       85.00000       90.00000       95.00000       100.0000       105.0000       110.0000       115.0000       120.0000       125.0000       130.0000       131.0000       132.0000       133.0000       133.3000
         E_expl    4.67124E+51    4.92851E+51    8.91271E+51    1.37983E+52    1.78238E+52    2.32285E+52    2.88907E+52    3.52849E+52    4.19479E+52    4.89378E+52    5.63636E+52    6.36475E+52    7.10152E+52    7.88408E+52    8.72519E+52    8.91956E+52    9.14337E+52    9.30498E+52    9.34913E+52
          h1       0.00000E+00    0.00000E+00    0.00000E+00    0.00000E+00    0.00000E+00    0.00000E+00    0.00000E+00    0.00000E+00    0.00000E+00    0.00000E+00    0.00000E+00    0.00000E+00    0.00000E+00    0.00000E+00    0.00000E+00    0.00000E+00    0.00000E+00    0.00000E+00    0.00000E+00
          he3      0.00000E+00    0.00000E+00    0.00000E+00    0.00000E+00    0.00000E+00    0.00000E+00    0.00000E+00    0.00000E+00    0.00000E+00    0.00000E+00    0.00000E+00    0.00000E+00    0.00000E+00    0.00000E+00    0.00000E+00    0.00000E+00    0.00000E+00    0.00000E+00    0.00000E+00
          he4      1.52800E+00    1.54000E+00    1.58700E+00    1.51800E+00    1.49600E+00    1.48300E+00    1.45800E+00    1.55900E+00    1.48800E+00    1.67000E+00    1.66600E+00    1.85100E+00    2.10300E+00    2.62300E+00    2.90900E+00    3.09900E+00    3.31500E+00    3.28900E+00    3.50300E+00
          c12      4.40000E+00    4.35800E+00    4.21900E+00    4.19400E+00    4.09400E+00    4.17500E+00    4.06700E+00    3.98400E+00    4.03200E+00    3.89900E+00    4.10100E+00    4.09800E+00    4.07100E+00    3.93600E+00    4.01400E+00    3.91200E+00    4.00700E+00    4.14400E+00    3.86900E+00
          n14      0.00000E+00    0.00000E+00    0.00000E+00    0.00000E+00    0.00000E+00    0.00000E+00    0.00000E+00    0.00000E+00    0.00000E+00    0.00000E+00    0.00000E+00    0.00000E+00    0.00000E+00    0.00000E+00    0.00000E+00    0.00000E+00    0.00000E+00    0.00000E+00    0.00000E+00
          o16      4.32900E+01    4.40400E+01    4.47700E+01    4.46100E+01    4.53600E+01    4.49100E+01    4.40100E+01    4.29400E+01    4.15800E+01    4.02600E+01    3.88500E+01    3.71800E+01    3.52400E+01    3.31100E+01    3.01600E+01    2.91400E+01    2.83900E+01    2.77300E+01    2.53500E+01
          ne20     3.84300E+00    3.93300E+00    4.08100E+00    4.10000E+00    4.40300E+00    4.13400E+00    4.29700E+00    4.00200E+00    4.02800E+00    3.88700E+00    3.51100E+00    3.48800E+00    3.57800E+00    3.47100E+00    3.44600E+00    3.51300E+00    3.11700E+00    3.00200E+00    3.31100E+00
          mg24     2.40200E+00    2.38400E+00    2.64300E+00    3.05500E+00    3.23000E+00    3.55500E+00    3.71300E+00    3.59500E+00    3.93100E+00    3.61500E+00    3.51700E+00    3.53300E+00    3.80700E+00    3.30700E+00    3.78600E+00    3.83800E+00    2.84200E+00    3.19500E+00    3.69800E+00
          si28     5.40200E+00    5.52900E+00    7.75600E+00    1.04800E+01    1.26000E+01    1.54600E+01    1.79500E+01    2.04000E+01    2.20500E+01    2.34500E+01    2.49900E+01    2.54500E+01    2.51700E+01    2.45800E+01    2.34300E+01    2.26300E+01    2.29700E+01    2.28400E+01    2.02600E+01
          s32      2.36700E+00    2.42900E+00    3.71400E+00    5.24900E+00    6.51200E+00    8.10400E+00    9.78100E+00    1.12700E+01    1.24000E+01    1.32900E+01    1.38800E+01    1.42200E+01    1.43000E+01    1.39900E+01    1.33600E+01    1.30300E+01    1.27100E+01    1.25100E+01    1.15700E+01
          ar36     3.93500E-01    4.04000E-01    6.25500E-01    8.84900E-01    1.10100E+00    1.38300E+00    1.69800E+00    1.99100E+00    2.22000E+00    2.40300E+00    2.52500E+00    2.60300E+00    2.63000E+00    2.58400E+00    2.48200E+00    2.42500E+00    2.36100E+00    2.33200E+00    2.17000E+00
          ca40     3.42600E-01    3.51900E-01    5.47900E-01    7.71500E-01    9.60000E-01    1.21100E+00    1.51300E+00    1.81500E+00    2.05900E+00    2.25600E+00    2.38900E+00    2.47900E+00    2.52000E+00    2.48800E+00    2.40000E+00    2.34800E+00    2.28900E+00    2.26300E+00    2.11500E+00
          ti44     6.24800E-05    6.41200E-05    1.02200E-04    1.46700E-04    1.84900E-04    2.38600E-04    3.10100E-04    3.90400E-04    4.61600E-04    5.44600E-04    6.78100E-04    9.81200E-04    1.53100E-03    2.42100E-03    3.50400E-03    3.92700E-03    4.36100E-03    4.60300E-03    5.39000E-03
          cr48     2.61100E-04    2.67600E-04    5.24500E-04    9.56000E-04    1.41400E-03    2.36600E-03    4.14500E-03    6.66200E-03    9.20100E-03    1.13600E-02    1.29300E-02    1.44000E-02    1.57100E-02    1.69100E-02    1.78800E-02    1.80700E-02    1.81900E-02    1.83000E-02    1.80800E-02
          fe52     6.99100E-04    7.12400E-04    2.11900E-03    6.23300E-03    1.15900E-02    2.62900E-02    6.12200E-02    1.21600E-01    1.93400E-01    2.54400E-01    2.94200E-01    3.27100E-01    3.50700E-01    3.63200E-01    3.63300E-01    3.59000E-01    3.53500E-01    3.50700E-01    3.31500E-01
          fe54     1.03900E-06    1.08600E-06    2.79000E-06    2.38900E-05    5.17700E-05    2.41500E-04    1.09200E-03    3.37000E-03    7.07600E-03    1.26900E-02    1.83800E-02    2.49500E-02    3.13000E-02    3.75500E-02    4.41700E-02    4.69700E-02    5.00000E-02    5.21200E-02    6.88400E-02
          ni56     2.70000E-03    2.71200E-03    2.14800E-02    9.47400E-02    1.97900E-01    5.19000E-01    1.41500E+00    3.27300E+00    5.96200E+00    9.94700E+00    1.42100E+01    1.96700E+01    2.61300E+01    3.44400E+01    4.35400E+01    4.65900E+01    4.95200E+01    5.12200E+01    5.69700E+01
