central values at the time of maximum central density for helium cores
of different masses

mass      T/K      rho/gcc       X(n)        X(p)       X(He4)       eta
									    
 65  1.74087E+09 3.15765E+05 1.14517E-20 9.80795E-17 1.75605E-13 2.90502E-04
 70  3.56966E+09 2.00110E+06 1.41158E-12 2.35614E-04 5.39538E-05 2.81167E-04
 75  3.86689E+09 2.54423E+06 2.38128E-11 9.43818E-04 3.01382E-04 2.89184E-04
 80  3.87601E+09 2.31598E+06 2.96037E-11 1.04046E-03 3.49221E-04 2.58318E-04
 85  4.02538E+09 2.47940E+06 9.76858E-11 2.36983E-03 8.90770E-04 2.40025E-04
 90  4.19657E+09 2.69867E+06 3.76108E-10 5.32790E-03 2.51836E-03 2.63622E-04
 95  4.35510E+09 2.90162E+06 1.41778E-09 8.91862E-03 6.22829E-03 2.95871E-04
100  4.53302E+09 3.19520E+06 6.51893E-09 1.32482E-02 1.62674E-02 3.74562E-04
105  4.71984E+09 3.57672E+06 2.77518E-08 1.74344E-02 3.39883E-02 4.70457E-04
110  4.93103E+09 4.07892E+06 1.15770E-07 2.14413E-02 6.02921E-02 5.64309E-04
115  5.13985E+09 4.63675E+06 4.59100E-07 2.45989E-02 9.97112E-02 7.31054E-04
120  5.39000E+09 5.42272E+06 2.11822E-06 2.68832E-02 1.67190E-01 9.63245E-04
125  5.73422E+09 6.76554E+06 1.42096E-05 2.75736E-02 3.00248E-01 1.31727E-03
130  6.16938E+09 9.01189E+06 1.31196E-04 2.35596E-02 5.31172E-01 1.86741E-03
