isotope     65         70         75         80         85         90         95        100        105        110        115        120        125        130    
    h1   9.298E-15  1.059E-17  2.450E-17  3.592E-17  4.589E-17  4.939E-17  4.810E-17  7.062E-17  3.055E-14  2.695E-13  8.218E-13  1.822E-12  3.478E-12  5.386E-12
    h2   4.195E-24  6.125E-19  4.548E-18  3.396E-18  5.140E-18  7.719E-18  7.988E-18  7.648E-18  7.640E-18  6.830E-18  7.966E-18  8.086E-18  8.952E-18  8.891E-18
   he3   1.843E-17  6.339E-15  6.988E-15  6.885E-15  7.660E-15  8.581E-15  9.440E-15  1.042E-14  1.129E-14  1.214E-14  1.308E-14  1.387E-14  1.481E-14  1.497E-14
   he4   1.097E-01  8.055E-02  6.969E-02  6.610E-02  6.152E-02  5.703E-02  5.447E-02  5.330E-02  5.282E-02  5.476E-02  5.608E-02  6.043E-02  6.907E-02  7.886E-02
   li6   1.685E-21  1.509E-15  1.048E-14  7.478E-15  1.378E-14  2.049E-14  2.133E-14  2.481E-14  2.489E-14  2.488E-14  2.478E-14  2.346E-14  2.595E-14  2.506E-14
   li7   1.584E-20  1.327E-16  1.762E-14  1.276E-14  3.386E-14  6.918E-14  6.124E-14  6.498E-14  5.014E-14  4.747E-14  4.557E-14  4.570E-14  4.734E-14  3.072E-14
   be9   4.744E-18  1.086E-17  7.091E-18  7.433E-18  5.635E-18  5.490E-18  3.951E-18  3.860E-18  3.158E-18  2.238E-18  2.088E-18  1.773E-18  1.384E-18  1.366E-18
   b10   1.768E-15  1.974E-13  7.684E-13  7.512E-13  1.199E-12  1.640E-12  1.523E-12  2.042E-12  1.964E-12  2.074E-12  1.884E-12  1.674E-12  1.815E-12  1.565E-12
   b11   2.376E-07  2.348E-08  8.042E-07  1.785E-06  3.550E-06  5.286E-06  6.870E-06  8.422E-06  9.730E-06  1.082E-05  1.183E-05  1.228E-05  1.264E-05  1.244E-05
   c12   3.496E+01  2.142E+01  1.901E+01  1.786E+01  1.661E+01  1.543E+01  1.435E+01  1.324E+01  1.211E+01  1.123E+01  1.070E+01  1.020E+01  9.533E+00  8.852E+00
   c13   9.839E-05  1.640E-04  2.718E-04  3.035E-04  2.736E-04  1.759E-04  1.035E-04  1.182E-04  6.002E-05  3.982E-05  3.914E-05  3.451E-05  3.029E-05  1.973E-05
   n14   1.092E-03  6.515E-04  5.201E-04  4.699E-04  4.025E-04  3.478E-04  3.074E-04  2.804E-04  2.518E-04  2.260E-04  1.908E-04  1.468E-04  1.021E-04  7.653E-05
   n15   2.563E-03  2.303E-02  2.046E-02  1.918E-02  1.772E-02  1.643E-02  1.547E-02  1.474E-02  1.422E-02  1.409E-02  1.394E-02  1.374E-02  1.290E-02  1.172E-02
   o16   7.898E+01  6.826E+01  6.176E+01  6.098E+01  5.724E+01  5.317E+01  4.958E+01  4.582E+01  4.237E+01  3.902E+01  3.605E+01  3.312E+01  2.991E+01  2.679E+01
   o17   1.689E-02  3.621E-03  2.665E-03  2.404E-03  1.998E-03  1.696E-03  1.457E-03  1.310E-03  1.159E-03  1.041E-03  9.236E-04  8.015E-04  6.704E-04  5.657E-04
   o18   1.995E-03  6.554E-04  5.231E-04  4.701E-04  4.315E-04  4.022E-04  3.708E-04  3.739E-04  3.514E-04  3.454E-04  3.352E-04  3.269E-04  3.282E-04  3.009E-04
   f19   6.201E-04  4.963E-04  4.230E-04  3.790E-04  3.587E-04  3.902E-04  4.180E-04  4.169E-04  4.540E-04  4.561E-04  5.152E-04  5.404E-04  5.461E-04  4.893E-04
  ne20   4.748E+01  3.565E+01  3.204E+01  3.262E+01  3.055E+01  2.816E+01  2.589E+01  2.507E+01  2.269E+01  2.192E+01  2.061E+01  2.000E+01  1.938E+01  1.774E+01
  ne21   1.880E+00  2.261E-01  6.784E-01  7.554E-01  8.527E-01  6.769E-01  4.638E-01  5.178E-01  3.276E-01  3.638E-01  3.059E-01  3.068E-01  3.262E-01  2.320E-01
  ne22   2.201E-02  2.204E-03  1.898E-03  1.895E-03  1.976E-03  1.941E-03  1.825E-03  1.823E-03  1.668E-03  1.719E-03  1.595E-03  1.543E-03  1.429E-03  1.192E-03
  na23   4.210E+00  1.343E+00  1.177E+00  1.133E+00  1.043E+00  9.580E-01  8.883E-01  8.269E-01  7.688E-01  7.260E-01  6.971E-01  6.850E-01  6.724E-01  6.413E-01
  mg24   4.570E+01  8.384E+01  9.034E+01  8.919E+01  9.078E+01  9.161E+01  8.953E+01  8.569E+01  8.149E+01  7.610E+01  7.598E+01  7.371E+01  6.868E+01  6.543E+01
  mg25   8.606E-01  2.284E-01  6.058E-01  4.123E-01  5.854E-01  6.811E-01  7.321E-01  6.318E-01  6.434E-01  6.109E-01  5.191E-01  4.632E-01  4.010E-01  4.049E-01
  mg26   7.359E-01  3.199E-01  2.897E-01  2.797E-01  2.716E-01  2.753E-01  2.798E-01  2.472E-01  2.517E-01  2.233E-01  2.171E-01  1.995E-01  1.771E-01  1.712E-01
  al27   8.945E+00  4.355E+00  3.824E+00  3.431E+00  3.392E+00  3.302E+00  3.213E+00  2.811E+00  2.729E+00  2.423E+00  2.247E+00  2.034E+00  1.780E+00  1.779E+00
  si28   7.430E+00  1.745E+02  2.500E+02  2.604E+02  2.967E+02  3.266E+02  3.453E+02  3.531E+02  3.570E+02  3.506E+02  3.423E+02  3.284E+02  3.077E+02  2.850E+02
  si29   8.805E-01  9.690E+00  8.745E+00  8.111E+00  7.346E+00  6.720E+00  6.302E+00  5.672E+00  5.392E+00  4.796E+00  4.516E+00  4.094E+00  3.553E+00  3.346E+00
  si30   4.266E+00  1.664E+00  8.360E-01  7.068E-01  6.162E-01  5.806E-01  6.070E-01  5.085E-01  5.883E-01  5.237E-01  5.302E-01  4.871E-01  3.988E-01  4.403E-01
   p31   5.119E+00  5.074E+00  3.538E+00  2.898E+00  2.374E+00  1.975E+00  1.750E+00  1.457E+00  1.441E+00  1.208E+00  1.245E+00  1.144E+00  9.356E-01  1.008E+00
   s32   3.693E-02  8.772E+01  1.390E+02  1.485E+02  1.807E+02  2.127E+02  2.355E+02  2.520E+02  2.606E+02  2.627E+02  2.592E+02  2.519E+02  2.395E+02  2.217E+02
   s33   1.836E-01  1.362E+01  1.448E+01  1.414E+01  1.363E+01  1.295E+01  1.221E+01  1.144E+01  1.061E+01  9.783E+00  9.026E+00  8.238E+00  7.358E+00  6.471E+00
   s34   1.703E-01  4.869E+00  3.267E+00  1.967E+00  1.214E+00  7.269E-01  4.418E-01  2.668E-01  1.676E-01  1.033E-01  6.942E-02  4.817E-02  3.785E-02  4.033E-02
   s36   1.837E-03  1.700E-03  1.118E-03  8.796E-04  6.945E-04  5.394E-04  4.292E-04  3.453E-04  2.777E-04  2.289E-04  1.900E-04  1.596E-04  1.352E-04  1.222E-04
  cl35   3.382E-01  5.170E+00  4.821E+00  3.726E+00  2.895E+00  2.181E+00  1.640E+00  1.223E+00  9.293E-01  7.090E-01  5.771E-01  4.874E-01  4.450E-01  4.720E-01
  cl37   1.882E-03  9.350E+00  1.001E+01  9.791E+00  9.439E+00  8.978E+00  8.451E+00  7.913E+00  7.308E+00  6.726E+00  6.192E+00  5.639E+00  5.025E+00  4.418E+00
  ar36   2.589E-03  5.619E+01  8.915E+01  9.637E+01  1.228E+02  1.541E+02  1.790E+02  1.990E+02  2.113E+02  2.174E+02  2.175E+02  2.138E+02  2.054E+02  1.916E+02
  ar38   4.897E-04  5.822E+00  4.583E+00  2.759E+00  1.707E+00  1.022E+00  6.134E-01  3.623E-01  2.207E-01  1.312E-01  8.340E-02  5.300E-02  3.729E-02  3.628E-02
  ar40   4.643E-05  3.841E-05  2.298E-05  1.712E-05  1.569E-05  1.210E-05  1.195E-05  1.178E-05  8.769E-06  8.303E-06  1.116E-05  1.064E-05  1.309E-05  1.742E-05
   k39   5.885E-04  4.771E+00  4.517E+00  3.492E+00  2.717E+00  2.047E+00  1.529E+00  1.123E+00  8.355E-01  6.258E-01  5.025E-01  4.263E-01  4.048E-01  4.552E-01
   k40   6.959E-04  8.988E-02  7.265E-02  4.930E-02  3.597E-02  2.562E-02  1.836E-02  1.316E-02  9.384E-03  6.651E-03  4.973E-03  3.811E-03  3.277E-03  3.605E-03
   k41   1.434E-05  6.719E+00  7.050E+00  6.877E+00  6.599E+00  6.260E+00  5.867E+00  5.475E+00  5.023E+00  4.605E+00  4.233E+00  3.855E+00  3.455E+00  3.091E+00
  ca40   3.753E-06  4.482E+01  7.062E+01  7.719E+01  1.039E+02  1.412E+02  1.745E+02  2.032E+02  2.221E+02  2.334E+02  2.369E+02  2.356E+02  2.287E+02  2.151E+02
  ca42   8.767E-06  5.751E+00  4.419E+00  2.600E+00  1.611E+00  9.721E-01  5.910E-01  3.587E-01  2.242E-01  1.391E-01  9.399E-02  6.738E-02  5.846E-02  6.944E-02
  ca43   6.111E-06  9.145E-03  6.286E-03  3.801E-03  2.543E-03  1.703E-03  1.175E-03  8.344E-04  1.367E-03  8.446E-03  2.468E-02  5.434E-02  1.067E-01  1.878E-01
  ca44   7.518E-07  3.827E-01  6.243E-01  6.854E-01  1.005E+00  1.549E+00  2.105E+00  2.639E+00  3.060E+00  3.608E+00  4.301E+00  5.299E+00  6.789E+00  8.674E+00
  ca46   3.114E-07  5.302E-08  4.662E-09  2.947E-09  2.013E-09  1.400E-09  7.634E-10  5.982E-10  8.113E-10  7.430E-10  3.792E-10  3.990E-10  3.499E-10  3.347E-10
  ca48   1.269E-13  3.532E-16  1.797E-17  1.707E-17  1.591E-17  9.037E-18  3.071E-18  2.682E-18  5.665E-18  5.682E-18  1.168E-18  9.526E-19  1.140E-18  2.095E-18
  sc45   5.549E-06  9.186E-01  9.925E-01  9.743E-01  9.668E-01  9.600E-01  9.404E-01  9.181E-01  8.794E-01  8.382E-01  7.967E-01  7.527E-01  7.038E-01  6.591E-01
  ti46   1.579E-06  4.706E+00  4.032E+00  2.619E+00  1.789E+00  1.237E+00  8.753E-01  6.334E-01  4.695E-01  3.478E-01  2.670E-01  2.000E-01  1.438E-01  1.045E-01
  ti47   3.759E-07  2.075E-02  2.557E-02  1.944E-02  2.262E-02  2.855E-02  3.346E-02  3.738E-02  3.965E-02  5.420E-02  8.581E-02  1.425E-01  2.413E-01  3.904E-01
  ti48   4.589E-08  3.647E-01  2.796E+00  3.321E+00  7.975E+00  1.783E+01  2.968E+01  4.209E+01  5.056E+01  5.714E+01  6.168E+01  6.547E+01  6.903E+01  7.150E+01
  ti49   4.854E-07  6.655E-01  2.487E+00  2.575E+00  4.494E+00  7.820E+00  1.157E+01  1.551E+01  1.777E+01  1.910E+01  1.971E+01  1.986E+01  1.961E+01  1.881E+01
  ti50   6.428E-07  3.532E-07  2.023E-07  1.821E-07  1.334E-07  1.386E-07  5.714E-08  3.948E-08  1.010E-07  9.074E-08  2.293E-08  4.340E-08  3.606E-08  2.278E-08
   v50   6.416E-06  3.084E-03  1.948E-03  9.645E-04  5.405E-04  3.145E-04  1.976E-04  1.343E-04  9.299E-05  6.294E-05  4.378E-05  3.120E-05  2.197E-05  1.652E-05
   v51   4.482E-08  6.582E-01  2.296E+00  2.172E+00  3.451E+00  5.669E+00  8.244E+00  1.108E+01  1.203E+01  1.217E+01  1.190E+01  1.142E+01  1.082E+01  1.011E+01
  cr50   4.872E-09  6.059E+00  8.347E+00  6.471E+00  6.324E+00  6.503E+00  6.907E+00  7.607E+00  7.287E+00  6.642E+00  6.038E+00  5.444E+00  4.859E+00  4.359E+00
  cr52   1.202E-09  6.742E-01  5.527E+00  6.531E+00  1.774E+01  4.666E+01  8.827E+01  1.389E+02  1.713E+02  1.936E+02  2.061E+02  2.127E+02  2.139E+02  2.073E+02
  cr53   1.436E-09  1.022E+00  4.468E+00  4.633E+00  9.029E+00  1.839E+01  3.152E+01  4.864E+01  5.789E+01  6.302E+01  6.542E+01  6.609E+01  6.543E+01  6.293E+01
  cr54   1.635E-08  6.218E-04  5.342E-04  3.250E-04  1.988E-04  1.333E-04  1.042E-04  9.625E-05  7.750E-05  5.925E-05  4.661E-05  3.655E-05  2.900E-05  2.319E-05
  mn55   9.624E-11  7.549E-01  2.758E+00  2.734E+00  4.809E+00  9.248E+00  1.598E+01  2.630E+01  3.052E+01  3.167E+01  3.153E+01  3.042E+01  2.921E+01  2.750E+01
  fe54   7.276E-13  4.938E+00  8.400E+00  7.122E+00  8.162E+00  1.003E+01  1.298E+01  1.819E+01  1.900E+01  1.804E+01  1.680E+01  1.535E+01  1.395E+01  1.271E+01
  fe56   1.728E-12  1.426E-01  1.159E+00  1.384E+00  4.101E+00  1.242E+01  2.689E+01  4.979E+01  7.786E+01  1.106E+02  1.414E+02  1.754E+02  2.172E+02  2.609E+02
  fe57   1.507E-11  1.202E-01  5.030E-01  5.283E-01  1.084E+00  2.480E+00  4.906E+00  9.688E+00  2.325E+01  4.476E+01  6.878E+01  9.911E+01  1.413E+02  1.931E+02
  fe58   2.407E-10  4.180E-05  4.034E-05  3.158E-05  2.561E-05  2.158E-05  1.842E-05  1.636E-05  1.380E-05  1.085E-05  8.754E-06  6.621E-06  5.016E-06  3.918E-06
  co59   7.137E-11  1.564E-02  1.623E-02  1.618E-02  1.611E-02  1.673E-02  1.755E-02  3.906E-02  1.892E+00  6.177E+00  1.159E+01  1.893E+01  2.983E+01  4.432E+01
  ni58   1.994E-14  3.880E-01  6.697E-01  6.216E-01  8.004E-01  1.150E+00  1.754E+00  3.714E+00  1.669E+01  3.812E+01  6.314E+01  9.725E+01  1.505E+02  2.287E+02
  ni60   1.239E-11  5.227E-03  4.888E-03  4.301E-03  3.753E-03  3.375E-03  2.984E-03  1.887E-02  4.392E+00  1.707E+01  3.381E+01  5.614E+01  8.704E+01  1.230E+02
  ni61   8.386E-11  1.338E-05  1.377E-05  1.326E-05  1.287E-05  1.281E-05  1.278E-05  2.223E-02  6.009E+00  2.352E+01  4.661E+01  7.753E+01  1.206E+02  1.722E+02
  ni62   1.135E-10  7.560E-07  1.050E-06  8.890E-07  1.039E-06  1.448E-06  2.400E-06  2.874E-02  9.107E+00  3.780E+01  7.853E+01  1.377E+02  2.318E+02  3.685E+02
  ni64   2.173E-10  8.491E-11  7.240E-11  7.334E-11  3.910E-11  5.985E-11  4.937E-12  2.810E-12  4.545E-11  4.155E-11  4.551E-12  1.795E-11  2.288E-11  3.803E-11
  cu63   6.812E-11  9.738E-08  1.003E-07  1.040E-07  1.031E-07  1.071E-07  1.174E-07  5.040E-05  2.470E-02  1.129E-01  2.445E-01  4.404E-01  7.506E-01  1.195E+00
  cu65   1.946E-10  4.424E-10  5.088E-10  8.243E-10  8.413E-10  7.551E-10  5.893E-10  1.159E-05  2.776E-02  1.537E-01  3.515E-01  6.419E-01  1.068E+00  1.600E+00
  zn64   2.161E-11  2.426E-07  2.594E-07  2.919E-07  3.059E-07  3.072E-07  3.029E-07  4.254E-05  8.616E-02  4.681E-01  1.061E+00  1.923E+00  3.172E+00  4.655E+00
  zn66   8.444E-11  2.084E-10  2.460E-10  4.860E-10  4.473E-10  3.230E-10  1.526E-10  9.369E-05  2.265E-01  1.304E+00  3.070E+00  5.797E+00  1.024E+01  1.679E+01
  zn67   1.101E-10  6.825E-11  6.288E-11  6.691E-11  4.202E-11  6.246E-11  7.971E-12  4.409E-07  1.231E-03  7.378E-03  1.785E-02  3.455E-02  6.258E-02  1.056E-01
  zn68   1.357E-10  6.518E-11  5.926E-11  6.227E-11  3.646E-11  5.970E-11  7.051E-12  2.306E-08  7.779E-05  5.150E-04  1.312E-03  2.652E-03  5.081E-03  9.132E-03
  zn70   1.319E-11  4.693E-12  3.787E-12  3.804E-12  1.808E-12  3.040E-12  1.504E-13  7.612E-14  2.215E-12  1.976E-12  1.146E-14  4.030E-13  1.414E-13  2.666E-14
  ga69   1.927E-10  1.512E-10  1.298E-10  1.325E-10  6.793E-11  1.142E-10  6.920E-12  6.858E-09  8.207E-05  6.035E-04  1.561E-03  3.104E-03  5.562E-03  8.891E-03
  ga71   2.650E-10  1.189E-10  1.014E-10  1.040E-10  5.128E-11  8.722E-11  4.598E-12  3.117E-09  8.488E-05  6.927E-04  1.851E-03  3.752E-03  6.906E-03  1.153E-02
  ge70   2.361E-10  4.398E-10  4.410E-10  4.667E-10  2.488E-10  4.372E-10  2.624E-11  9.360E-07  2.044E-02  1.616E-01  4.264E-01  8.557E-01  1.567E+00  2.607E+00
  ge72   1.824E-10  1.145E-10  9.233E-11  9.183E-11  4.308E-11  7.241E-11  3.614E-12  5.640E-10  2.964E-05  2.740E-04  7.867E-04  1.689E-03  3.373E-03  6.231E-03
  ge73   1.708E-10  9.865E-11  8.913E-11  9.282E-11  4.609E-11  8.085E-11  4.103E-12  8.795E-12  9.814E-07  9.815E-06  2.803E-05  5.853E-05  1.069E-04  1.692E-04
  ge74   1.504E-10  6.320E-11  5.244E-11  5.371E-11  2.551E-11  4.441E-11  2.056E-12  1.028E-12  3.337E-11  2.995E-11  1.490E-13  5.935E-12  2.018E-12  3.582E-13
  ge76   1.174E-12  4.003E-13  2.590E-13  2.332E-13  9.477E-14  1.412E-13  5.688E-15  2.492E-15  7.104E-14  5.742E-14  2.570E-16  9.685E-15  3.273E-15  5.844E-16
  as75   1.255E-10  1.470E-10  1.249E-10  1.285E-10  6.222E-11  1.102E-10  5.209E-12  6.296E-12  1.394E-06  1.597E-05  4.778E-05  1.018E-04  1.901E-04  3.131E-04
  se74   4.099E-12  3.253E-09  4.090E-09  4.654E-09  2.555E-09  4.978E-09  2.543E-10  6.093E-09  2.013E-03  2.244E-02  6.642E-02  1.406E-01  2.616E-01  4.296E-01
  se76   3.393E-10  6.405E-10  5.391E-10  5.302E-10  2.289E-10  3.956E-10  1.614E-11  1.059E-11  1.751E-06  2.315E-05  7.504E-05  1.688E-04  3.381E-04  6.057E-04
  se77   1.708E-10  8.403E-11  7.631E-11  8.001E-11  3.911E-11  7.119E-11  3.264E-12  1.669E-12  6.797E-09  9.679E-08  3.233E-07  7.391E-07  1.472E-06  2.559E-06
  se78   1.984E-10  1.705E-10  1.248E-10  1.210E-10  5.172E-11  8.794E-11  3.488E-12  1.632E-12  5.799E-11  5.039E-11  2.071E-13  9.197E-12  2.968E-12  4.920E-13
  se80   1.413E-10  7.424E-11  6.075E-11  6.164E-11  2.787E-11  5.030E-11  1.976E-12  9.283E-13  3.683E-11  3.286E-11  1.185E-13  6.067E-12  1.910E-12  2.999E-13
  se82   2.426E-09  1.190E-09  1.006E-09  1.022E-09  4.390E-10  8.512E-10  2.715E-11  1.202E-11  6.291E-10  5.664E-10  1.325E-12  9.941E-11  2.791E-11  3.726E-12
  br79   1.747E-10  1.432E-10  1.346E-10  1.393E-10  6.521E-11  1.185E-10  4.943E-12  2.407E-12  3.510E-09  5.240E-08  1.795E-07  4.167E-07  8.503E-07  1.530E-06
  br81   6.157E-10  6.161E-10  5.579E-10  5.717E-10  2.552E-10  4.825E-10  1.709E-11  7.835E-12  3.662E-10  5.315E-10  7.959E-10  1.977E-09  4.014E-09  7.277E-09
  kr78   8.497E-25  7.998E-10  1.925E-09  2.754E-09  1.865E-09  4.658E-09  2.182E-10  1.245E-10  6.391E-09  1.540E-08  3.246E-08  7.606E-08  1.534E-07  2.773E-07
  kr80   4.419E-19  1.584E-09  2.887E-09  3.510E-09  1.910E-09  4.241E-09  1.627E-10  8.182E-11  4.852E-08  7.712E-07  2.757E-06  6.577E-06  1.367E-05  2.520E-05
  kr82   4.893E-16  1.892E-10  2.562E-10  2.822E-10  1.282E-10  2.874E-10  8.467E-12  3.905E-12  2.520E-10  2.522E-10  6.371E-11  1.964E-10  3.517E-10  6.749E-10
  kr83   6.476E-10  4.234E-10  3.822E-10  3.945E-10  1.637E-10  3.468E-10  9.380E-12  4.078E-12  2.912E-10  6.138E-10  1.362E-09  3.381E-09  7.054E-09  1.307E-08
  kr84   3.759E-10  1.612E-10  1.381E-10  1.394E-10  5.321E-11  1.168E-10  2.545E-12  1.023E-12  8.509E-11  7.736E-11  8.675E-14  1.233E-11  2.826E-12  2.859E-13
  kr86   3.584E-11  1.076E-11  9.552E-12  1.001E-11  3.223E-12  8.594E-12  1.090E-13  3.836E-14  6.325E-12  5.852E-12  2.309E-15  8.261E-13  1.449E-13  9.812E-15
  rb85   1.719E-10  1.035E-10  1.025E-10  1.115E-10  4.204E-11  1.051E-10  1.979E-12  8.068E-13  8.669E-11  8.278E-11  5.133E-12  2.643E-11  3.497E-11  7.033E-11
  rb87   1.182E-17  1.332E-13  2.878E-13  3.949E-13  1.771E-13  5.357E-13  9.241E-15  3.711E-15  5.250E-13  4.994E-13  2.740E-16  7.124E-14  1.399E-14  1.063E-15
  sr84   6.765E-22  1.535E-10  6.124E-10  1.032E-09  8.282E-10  2.798E-09  1.113E-10  6.577E-11  5.672E-09  1.937E-08  5.470E-08  1.402E-07  3.027E-07  5.832E-07
  sr86   5.185E-20  3.335E-12  2.152E-11  4.012E-11  2.930E-11  8.525E-11  2.760E-12  1.354E-12  9.452E-11  9.227E-11  9.752E-12  4.027E-11  6.189E-11  1.210E-10
  sr87   4.961E-28  2.678E-13  1.930E-12  3.731E-12  2.954E-12  9.108E-12  3.095E-13  1.582E-13  1.207E-11  3.180E-11  8.703E-11  2.288E-10  4.997E-10  9.610E-10
  sr88   1.824E-24  7.714E-14  3.197E-13  4.067E-13  2.645E-13  8.995E-13  3.781E-14  2.348E-14  1.938E-12  4.118E-12  8.744E-12  2.398E-11  5.346E-11  1.064E-10
   y89   1.053E-29  8.721E-14  1.289E-12  2.282E-12  1.457E-12  3.982E-12  1.343E-13  6.919E-14  4.858E-12  5.271E-12  1.632E-12  5.414E-12  1.061E-11  2.101E-11
  zr90   5.470E-33  6.722E-14  2.809E-12  1.233E-11  1.650E-11  7.330E-11  3.269E-12  1.963E-12  1.459E-10  1.529E-10  2.161E-12  3.469E-11  2.109E-11  2.942E-11
  zr91   6.160E-38  1.185E-16  1.990E-14  1.763E-13  3.896E-13  2.323E-12  1.239E-13  8.673E-14  7.405E-12  8.811E-12  1.609E-13  2.484E-12  1.559E-12  1.885E-12
  zr92   1.514E-43  6.046E-20  1.028E-17  6.820E-17  1.190E-16  5.864E-16  2.737E-17  1.720E-17  1.349E-15  1.474E-15  3.157E-18  3.036E-16  8.699E-17  1.117E-17
  zr94   3.561E-53  4.766E-28  2.616E-27  4.724E-27  2.781E-27  6.858E-27  1.813E-28  7.481E-29  4.896E-27  4.219E-27  5.610E-30  5.879E-28  1.310E-28  1.267E-29
  zr96   1.842E-62  6.867E-32  8.919E-32  9.077E-32  2.799E-32  6.163E-32  8.175E-34  2.603E-34  3.154E-32  2.724E-32  1.379E-35  3.312E-33  6.499E-34  4.983E-35
  nb93   1.218E-48  1.632E-19  5.800E-17  6.469E-16  1.898E-15  1.368E-14  8.138E-16  6.170E-16  6.060E-14  2.435E-13  8.836E-13  2.628E-12  6.396E-12  1.383E-11
  mo92   4.900E-58  1.972E-16  2.617E-14  3.326E-13  1.187E-12  1.034E-11  7.089E-13  6.012E-13  6.001E-11  8.344E-11  8.370E-12  4.732E-11  6.157E-11  1.050E-10
  mo94   2.448E-59  6.839E-20  4.034E-17  3.657E-16  8.554E-16  5.050E-15  2.582E-16  1.733E-16  6.752E-14  2.451E-12  1.332E-11  4.152E-11  1.071E-10  2.532E-10
  mo95   1.214E-57  9.781E-24  1.820E-20  2.478E-19  9.360E-19  7.726E-18  4.957E-19  4.036E-19  7.464E-17  1.650E-15  8.637E-15  2.670E-14  6.772E-14  1.570E-13
  mo96   1.062E-64  2.288E-25  1.471E-22  9.800E-22  1.963E-21  1.057E-20  5.072E-22  3.265E-22  2.626E-20  2.927E-20  7.631E-23  6.198E-21  1.930E-21  6.409E-22
  mo97   7.905E-68  4.255E-27  3.553E-23  5.194E-22  2.347E-21  2.157E-20  1.426E-21  1.177E-21  1.138E-19  1.489E-19  4.675E-22  4.052E-20  1.456E-20  6.606E-21
  mo98   2.442E-73  8.884E-33  2.410E-30  8.753E-30  9.048E-30  2.825E-29  8.854E-31  3.947E-31  2.352E-29  1.986E-29  3.231E-32  2.621E-30  5.888E-31  6.140E-32
 mo100   2.997E-82  1.002E-38  1.177E-38  1.379E-38  6.559E-39  1.840E-38  4.497E-40  1.931E-40  1.522E-38  1.408E-38  1.646E-41  2.132E-39  4.871E-40  4.585E-41
  ru96   2.184E-79  1.081E-24  6.134E-21  1.356E-19  8.540E-19  9.919E-18  7.681E-19  7.187E-19  7.721E-17  1.152E-16  2.684E-17  1.218E-16  2.524E-16  6.214E-16
  ru98   1.071E-79  2.253E-26  3.049E-22  3.978E-21  1.498E-20  1.186E-19  6.696E-21  4.884E-21  4.206E-19  4.997E-19  1.143E-21  1.174E-19  3.488E-20  4.687E-21
  ru99   1.484E-77  1.687E-30  1.949E-26  1.995E-25  6.007E-25  4.009E-24  1.991E-25  1.309E-25  1.033E-23  1.141E-23  2.450E-26  2.403E-24  6.656E-25  8.424E-26
 ru100   2.174E-85  5.847E-31  5.040E-27  4.246E-26  1.015E-25  5.624E-25  2.418E-26  1.403E-26  9.972E-25  1.010E-24  2.003E-27  1.863E-25  4.754E-26  5.633E-27
 ru101   5.136E-87  5.335E-36  3.623E-32  2.504E-31  4.983E-31  2.411E-30  9.353E-32  4.978E-32  3.302E-30  3.161E-30  5.958E-33  5.372E-31  1.295E-31  1.465E-32
 ru102   0.000E+00  2.217E-37  1.083E-33  6.258E-33  9.917E-33  4.024E-32  1.357E-33  6.420E-34  3.862E-32  3.409E-32  5.944E-35  5.121E-33  1.142E-33  1.215E-34
 ru104   0.000E+00  2.955E-44  1.337E-41  5.585E-41  6.101E-41  1.874E-40  5.076E-42  1.996E-42  1.035E-40  8.056E-41  1.245E-43  1.004E-41  1.975E-42  1.908E-43
 rh103   0.000E+00  1.393E-42  6.819E-40  3.397E-39  4.675E-39  1.718E-38  5.349E-40  2.364E-40  1.348E-38  1.139E-38  1.906E-41  1.606E-39  3.416E-40  3.505E-41
 pd105   0.000E+00  6.177E-47  3.386E-47  3.199E-47  7.816E-48  1.410E-47  2.373E-49  7.716E-50  5.952E-48  5.346E-48  4.869E-51  7.700E-49  1.665E-49  1.452E-50
 pd106   0.000E+00  5.655E-49  2.970E-49  2.471E-49  4.910E-50  7.356E-50  8.949E-52  2.330E-52  2.009E-50  1.582E-50  9.935E-54  1.832E-51  3.716E-52  3.055E-53
