isotope     65         70         75         80         85         90         95        100        105        110        115        120        125        130    
    h1   4.263E-13  5.230E-16  1.296E-15  2.027E-15  2.752E-15  3.135E-15  3.223E-15  4.982E-15  2.263E-12  2.091E-11  6.667E-11  1.542E-10  3.067E-10  4.939E-10
    h2   1.308E-26  2.058E-21  1.637E-20  1.304E-20  2.097E-20  3.334E-20  3.642E-20  3.670E-20  3.849E-20  3.605E-20  4.397E-20  4.656E-20  5.370E-20  5.546E-20
   he3   3.508E-20  1.299E-17  1.534E-17  1.613E-17  1.906E-17  2.261E-17  2.626E-17  3.050E-17  3.470E-17  3.909E-17  4.405E-17  4.874E-17  5.420E-17  5.699E-17
   he4   1.961E+00  1.551E+00  1.438E+00  1.455E+00  1.438E+00  1.412E+00  1.423E+00  1.466E+00  1.526E+00  1.657E+00  1.774E+00  1.995E+00  2.375E+00  2.820E+00
   li6   7.113E-29  6.859E-23  5.104E-22  3.885E-22  7.607E-22  1.198E-21  1.315E-21  1.611E-21  1.697E-21  1.777E-21  1.850E-21  1.828E-21  2.106E-21  2.116E-21
   li7   9.623E-27  8.683E-23  1.235E-20  9.543E-21  2.690E-20  5.818E-20  5.437E-20  6.073E-20  4.920E-20  4.880E-20  4.897E-20  5.125E-20  5.530E-20  3.732E-20
   be9   5.122E-26  1.263E-25  8.836E-26  9.878E-26  7.957E-26  8.209E-26  6.236E-26  6.412E-26  5.508E-26  4.090E-26  3.988E-26  3.535E-26  2.875E-26  2.951E-26
   b10   1.226E-22  1.474E-20  6.147E-20  6.409E-20  1.087E-19  1.574E-19  1.543E-19  2.177E-19  2.200E-19  2.433E-19  2.311E-19  2.142E-19  2.420E-19  2.169E-19
   b11   7.300E-14  7.770E-15  2.852E-13  6.753E-13  1.427E-12  2.249E-12  3.086E-12  3.982E-12  4.830E-12  5.627E-12  6.433E-12  6.967E-12  7.471E-12  7.649E-12
   c12   6.886E+00  4.543E+00  4.320E+00  4.329E+00  4.278E+00  4.207E+00  4.132E+00  4.012E+00  3.854E+00  3.744E+00  3.729E+00  3.710E+00  3.612E+00  3.488E+00
   c13   2.333E-07  4.188E-07  7.438E-07  8.858E-07  8.484E-07  5.776E-07  3.587E-07  4.313E-07  2.299E-07  1.598E-07  1.642E-07  1.511E-07  1.381E-07  9.357E-08
   n14   7.842E-05  5.037E-05  4.309E-05  4.152E-05  3.779E-05  3.457E-05  3.226E-05  3.097E-05  2.920E-05  2.746E-05  2.424E-05  1.946E-05  1.410E-05  1.099E-05
   n15   7.266E-07  7.030E-06  6.692E-06  6.690E-06  6.568E-06  6.450E-06  6.410E-06  6.430E-06  6.510E-06  6.757E-06  6.990E-06  7.192E-06  7.033E-06  6.647E-06
   o16   4.922E+01  4.581E+01  4.441E+01  4.677E+01  4.665E+01  4.588E+01  4.516E+01  4.393E+01  4.266E+01  4.115E+01  3.975E+01  3.810E+01  3.585E+01  3.339E+01
   o17   4.267E-06  9.849E-07  7.764E-07  7.473E-07  6.598E-07  5.930E-07  5.378E-07  5.090E-07  4.727E-07  4.451E-07  4.127E-07  3.737E-07  3.256E-07  2.857E-07
   o18   2.808E-06  9.938E-07  8.498E-07  8.146E-07  7.944E-07  7.840E-07  7.631E-07  8.099E-07  7.992E-07  8.231E-07  8.351E-07  8.496E-07  8.887E-07  8.474E-07
   f19   1.632E-08  1.407E-08  1.285E-08  1.228E-08  1.234E-08  1.422E-08  1.608E-08  1.688E-08  1.930E-08  2.031E-08  2.399E-08  2.626E-08  2.764E-08  2.576E-08
  ne20   4.994E+00  4.039E+00  3.888E+00  4.223E+00  4.202E+00  4.101E+00  3.981E+00  4.056E+00  3.856E+00  3.901E+00  3.836E+00  3.883E+00  3.919E+00  3.731E+00
  ne21   5.042E-04  6.529E-05  2.099E-04  2.493E-04  2.990E-04  2.513E-04  1.818E-04  2.136E-04  1.419E-04  1.651E-04  1.451E-04  1.519E-04  1.682E-04  1.244E-04
  ne22   1.862E-04  2.008E-05  1.852E-05  1.973E-05  2.186E-05  2.273E-05  2.256E-05  2.373E-05  2.279E-05  2.461E-05  2.387E-05  2.410E-05  2.324E-05  2.016E-05
  na23   9.134E-03  3.137E-03  2.947E-03  3.025E-03  2.959E-03  2.878E-03  2.816E-03  2.760E-03  2.694E-03  2.665E-03  2.676E-03  2.743E-03  2.805E-03  2.783E-03
  mg24   1.528E+00  3.020E+00  3.487E+00  3.671E+00  3.970E+00  4.243E+00  4.377E+00  4.410E+00  4.403E+00  4.308E+00  4.496E+00  4.552E+00  4.418E+00  4.377E+00
  mg25   3.783E-03  1.081E-03  3.073E-03  2.231E-03  3.365E-03  4.145E-03  4.703E-03  4.273E-03  4.569E-03  4.545E-03  4.038E-03  3.759E-03  3.390E-03  3.560E-03
  mg26   3.710E-03  1.737E-03  1.686E-03  1.735E-03  1.791E-03  1.922E-03  2.062E-03  1.918E-03  2.050E-03  1.905E-03  1.936E-03  1.857E-03  1.717E-03  1.726E-03
  al27   3.374E-02  1.769E-02  1.664E-02  1.593E-02  1.673E-02  1.724E-02  1.771E-02  1.631E-02  1.663E-02  1.547E-02  1.499E-02  1.416E-02  1.291E-02  1.342E-02
  si28   3.152E-01  7.972E+00  1.224E+01  1.360E+01  1.646E+01  1.919E+01  2.141E+01  2.305E+01  2.447E+01  2.517E+01  2.569E+01  2.572E+01  2.511E+01  2.418E+01
  si29   1.960E-03  2.323E-02  2.246E-02  2.222E-02  2.138E-02  2.071E-02  2.050E-02  1.942E-02  1.939E-02  1.807E-02  1.779E-02  1.682E-02  1.521E-02  1.490E-02
  si30   6.519E-03  2.738E-03  1.474E-03  1.329E-03  1.231E-03  1.228E-03  1.356E-03  1.195E-03  1.452E-03  1.354E-03  1.433E-03  1.374E-03  1.172E-03  1.346E-03
   p31   2.712E-03  2.895E-03  2.163E-03  1.890E-03  1.645E-03  1.449E-03  1.355E-03  1.188E-03  1.233E-03  1.083E-03  1.167E-03  1.119E-03  9.533E-04  1.068E-03
   s32   9.497E-04  2.429E+00  4.124E+00  4.701E+00  6.076E+00  7.575E+00  8.852E+00  9.968E+00  1.082E+01  1.143E+01  1.179E+01  1.196E+01  1.184E+01  1.140E+01
   s33   3.842E-05  3.070E-03  3.498E-03  3.642E-03  3.732E-03  3.753E-03  3.735E-03  3.683E-03  3.587E-03  3.466E-03  3.343E-03  3.184E-03  2.962E-03  2.709E-03
   s34   2.064E-04  6.357E-03  4.570E-03  2.935E-03  1.925E-03  1.220E-03  7.829E-04  4.976E-04  3.283E-04  2.120E-04  1.489E-04  1.078E-04  8.825E-05  9.778E-05
   s36   1.119E-08  1.116E-08  7.864E-09  6.597E-09  5.534E-09  4.551E-09  3.823E-09  3.237E-09  2.734E-09  2.361E-09  2.048E-09  1.795E-09  1.585E-09  1.489E-09
  cl35   5.564E-05  9.159E-04  9.151E-04  7.543E-04  6.228E-04  4.967E-04  3.944E-04  3.094E-04  2.470E-04  1.974E-04  1.680E-04  1.480E-04  1.408E-04  1.553E-04
  cl37   1.045E-07  5.590E-04  6.410E-04  6.690E-04  6.853E-04  6.901E-04  6.857E-04  6.759E-04  6.554E-04  6.320E-04  6.082E-04  5.780E-04  5.365E-04  4.905E-04
  ar36   1.302E-05  3.043E-01  5.173E-01  5.965E-01  8.078E-01  1.073E+00  1.316E+00  1.540E+00  1.716E+00  1.850E+00  1.936E+00  1.985E+00  1.986E+00  1.927E+00
  ar38   4.894E-07  6.265E-03  5.284E-03  3.393E-03  2.230E-03  1.414E-03  8.959E-04  5.569E-04  3.563E-04  2.218E-04  1.475E-04  9.778E-05  7.166E-05  7.251E-05
  ar40   7.630E-11  6.796E-11  4.357E-11  3.463E-11  3.371E-11  2.754E-11  2.870E-11  2.979E-11  2.328E-11  2.309E-11  3.245E-11  3.229E-11  4.136E-11  5.725E-11
   k39   1.328E-07  1.159E-03  1.176E-03  9.694E-04  8.016E-04  6.393E-04  5.042E-04  3.898E-04  3.044E-04  2.389E-04  2.005E-04  1.775E-04  1.756E-04  2.054E-04
   k40   2.507E-10  3.487E-08  3.020E-08  2.186E-08  1.695E-08  1.278E-08  9.668E-09  7.294E-09  5.461E-09  4.055E-09  3.170E-09  2.535E-09  2.271E-09  2.597E-09
   k41   2.454E-10  1.238E-04  1.392E-04  1.448E-04  1.477E-04  1.483E-04  1.467E-04  1.441E-04  1.389E-04  1.334E-04  1.282E-04  1.218E-04  1.137E-04  1.058E-04
  ca40   1.461E-08  1.878E-01  3.171E-01  3.697E-01  5.288E-01  7.611E-01  9.928E-01  1.217E+00  1.396E+00  1.537E+00  1.631E+00  1.693E+00  1.712E+00  1.674E+00
  ca42   2.390E-10  1.688E-04  1.390E-04  8.723E-05  5.744E-05  3.669E-05  2.355E-05  1.504E-05  9.873E-06  6.417E-06  4.533E-06  3.391E-06  3.065E-06  3.786E-06
  ca43   3.563E-11  5.742E-08  4.228E-08  2.727E-08  1.938E-08  1.374E-08  1.001E-08  7.484E-09  1.287E-08  8.333E-08  2.545E-07  5.849E-07  1.197E-06  2.190E-06
  ca44   6.961E-11  3.816E-05  6.669E-05  7.810E-05  1.217E-04  1.986E-04  2.849E-04  3.759E-04  4.576E-04  5.653E-04  7.045E-04  9.057E-04  1.209E-03  1.606E-03
  ca46   5.652E-14  1.036E-14  9.762E-16  6.581E-16  4.776E-16  3.517E-16  2.025E-16  1.670E-16  2.378E-16  2.282E-16  1.217E-16  1.337E-16  1.221E-16  1.215E-16
  ca48   1.141E-18  3.420E-21  1.864E-22  1.889E-22  1.870E-22  1.125E-22  4.036E-23  3.710E-23  8.229E-23  8.646E-23  1.859E-23  1.581E-23  1.971E-23  3.768E-23
  sc45   1.403E-11  2.502E-06  2.897E-06  3.033E-06  3.198E-06  3.362E-06  3.476E-06  3.573E-06  3.593E-06  3.588E-06  3.565E-06  3.515E-06  3.423E-06  3.334E-06
  ti46   2.292E-11  7.356E-05  6.753E-05  4.679E-05  3.395E-05  2.486E-05  1.857E-05  1.414E-05  1.101E-05  8.542E-06  6.856E-06  5.358E-06  4.014E-06  3.034E-06
  ti47   5.083E-12  3.022E-07  3.989E-07  3.235E-07  3.999E-07  5.345E-07  6.612E-07  7.775E-07  8.660E-07  1.240E-06  2.053E-06  3.557E-06  6.273E-06  1.056E-05
  ti48   6.407E-12  5.484E-05  4.504E-04  5.707E-04  1.456E-03  3.447E-03  6.058E-03  9.041E-03  1.140E-02  1.350E-02  1.524E-02  1.688E-02  1.854E-02  1.997E-02
  ti49   5.160E-12  7.618E-06  3.051E-05  3.369E-05  6.247E-05  1.151E-04  1.797E-04  2.536E-04  3.052E-04  3.436E-04  3.707E-04  3.898E-04  4.008E-04  3.998E-04
  ti50   6.866E-12  4.063E-12  2.494E-12  2.394E-12  1.863E-12  2.050E-12  8.921E-13  6.488E-13  1.744E-12  1.640E-12  4.333E-13  8.558E-13  7.406E-13  4.866E-13
   v50   3.859E-13  1.998E-10  1.352E-10  7.140E-11  4.252E-11  2.620E-11  1.737E-11  1.242E-11  9.036E-12  6.406E-12  4.660E-12  3.465E-12  2.542E-12  1.987E-12
   v51   1.097E-12  1.735E-05  6.485E-05  6.542E-05  1.105E-04  1.921E-04  2.949E-04  4.171E-04  4.758E-04  5.040E-04  5.152E-04  5.162E-04  5.092E-04  4.947E-04
  cr50   2.350E-13  3.147E-04  4.646E-04  3.842E-04  3.989E-04  4.343E-04  4.869E-04  5.645E-04  5.678E-04  5.422E-04  5.153E-04  4.847E-04  4.507E-04  4.205E-04
  cr52   1.160E-12  7.010E-04  6.157E-03  7.761E-03  2.239E-02  6.237E-02  1.246E-01  2.064E-01  2.672E-01  3.163E-01  3.521E-01  3.791E-01  3.971E-01  4.002E-01
  cr53   1.601E-13  1.227E-04  5.748E-04  6.357E-04  1.316E-03  2.839E-03  5.136E-03  8.343E-03  1.043E-02  1.189E-02  1.291E-02  1.360E-02  1.403E-02  1.403E-02
  cr54   4.627E-13  1.895E-08  1.745E-08  1.132E-08  7.360E-09  5.227E-09  4.313E-09  4.192E-09  3.544E-09  2.838E-09  2.334E-09  1.910E-09  1.579E-09  1.313E-09
  mn55   8.310E-14  7.019E-04  2.747E-03  2.906E-03  5.430E-03  1.106E-02  2.017E-02  3.493E-02  4.256E-02  4.627E-02  4.816E-02  4.850E-02  4.851E-02  4.749E-02
  fe54   3.371E-15  2.464E-02  4.490E-02  4.060E-02  4.944E-02  6.435E-02  8.787E-02  1.296E-01  1.422E-01  1.414E-01  1.377E-01  1.313E-01  1.243E-01  1.177E-01
  fe56   1.312E-13  1.167E-02  1.016E-01  1.294E-01  4.073E-01  1.306E+00  2.985E+00  5.818E+00  9.553E+00  1.422E+01  1.900E+01  2.460E+01  3.173E+01  3.963E+01
  fe57   2.795E-14  2.402E-04  1.077E-03  1.206E-03  2.630E-03  6.370E-03  1.330E-02  2.765E-02  6.967E-02  1.405E-01  2.257E-01  3.394E-01  5.042E-01  7.162E-01
  fe58   5.781E-14  1.081E-08  1.118E-08  9.337E-09  8.044E-09  7.176E-09  6.468E-09  6.047E-09  5.354E-09  4.412E-09  3.720E-09  2.936E-09  2.317E-09  1.882E-09
  co59   1.557E-14  3.675E-06  4.086E-06  4.344E-06  4.597E-06  5.055E-06  5.595E-06  1.311E-05  6.666E-04  2.281E-03  4.473E-03  7.624E-03  1.252E-02  1.934E-02
  ni58   6.404E-17  1.342E-03  2.482E-03  2.458E-03  3.362E-03  5.113E-03  8.237E-03  1.835E-02  8.663E-02  2.072E-01  3.588E-01  5.767E-01  9.296E-01  1.470E+00
  ni60   1.576E-14  7.162E-06  7.176E-06  6.734E-06  6.243E-06  5.944E-06  5.549E-06  3.693E-05  9.025E-03  3.675E-02  7.609E-02  1.319E-01  2.129E-01  3.129E-01
  ni61   4.682E-15  8.047E-10  8.874E-10  9.111E-10  9.398E-10  9.904E-10  1.043E-09  1.909E-06  5.420E-04  2.222E-03  4.604E-03  7.992E-03  1.295E-02  1.923E-02
  ni62   2.047E-14  1.469E-10  2.185E-10  1.973E-10  2.451E-10  3.617E-10  6.328E-10  7.973E-06  2.653E-03  1.154E-02  2.506E-02  4.585E-02  8.042E-02  1.329E-01
  ni64   1.026E-14  4.319E-15  3.945E-15  4.263E-15  2.415E-15  3.914E-15  3.407E-16  2.041E-16  3.467E-15  3.321E-15  3.803E-16  1.565E-15  2.078E-15  3.592E-15
  cu63   2.546E-15  3.920E-12  4.327E-12  4.784E-12  5.040E-12  5.545E-12  6.413E-12  2.898E-09  1.491E-06  7.142E-06  1.617E-05  3.039E-05  5.395E-05  8.931E-05
  cu65   3.347E-15  8.194E-15  1.010E-14  1.745E-14  1.892E-14  1.798E-14  1.481E-14  3.065E-10  7.713E-07  4.473E-06  1.069E-05  2.038E-05  3.533E-05  5.504E-05
  zn64   1.394E-15  1.684E-11  1.930E-11  2.317E-11  2.579E-11  2.743E-11  2.855E-11  4.220E-09  8.974E-06  5.107E-05  1.211E-04  2.289E-04  3.933E-04  6.003E-04
  zn66   3.224E-15  8.569E-15  1.084E-14  2.284E-14  2.233E-14  1.708E-14  8.518E-15  5.504E-09  1.397E-05  8.426E-05  2.074E-04  4.086E-04  7.519E-04  1.282E-03
  zn67   6.266E-16  4.184E-16  4.130E-16  4.688E-16  3.128E-16  4.923E-16  6.632E-17  3.862E-12  1.132E-08  7.108E-08  1.798E-07  3.632E-07  6.851E-07  1.202E-06
  zn68   3.580E-15  1.851E-15  1.803E-15  2.021E-15  1.258E-15  2.180E-15  2.718E-16  9.357E-13  3.314E-09  2.298E-08  6.122E-08  1.291E-07  2.577E-07  4.817E-07
  zn70   1.148E-17  4.397E-18  3.802E-18  4.073E-18  2.057E-18  3.662E-18  1.912E-19  1.019E-19  3.113E-18  2.909E-18  1.764E-20  6.473E-19  2.365E-19  4.639E-20
  ga69   4.960E-16  4.192E-16  3.855E-16  4.197E-16  2.287E-16  4.069E-16  2.603E-17  2.716E-14  3.413E-10  2.629E-09  7.110E-09  1.475E-08  2.753E-08  4.577E-08
  ga71   4.527E-16  2.189E-16  1.999E-16  2.188E-16  1.146E-16  2.064E-16  1.148E-17  8.194E-15  2.343E-10  2.003E-09  5.595E-09  1.183E-08  2.269E-08  3.942E-08
  ge70   6.626E-16  1.329E-15  1.428E-15  1.612E-15  9.131E-16  1.699E-15  1.077E-16  4.042E-12  9.267E-08  7.678E-07  2.117E-06  4.434E-06  8.457E-06  1.463E-05
  ge72   7.041E-16  4.758E-16  4.111E-16  4.362E-16  2.174E-16  3.869E-16  2.038E-17  3.349E-15  1.848E-10  1.790E-09  5.371E-09  1.203E-08  2.503E-08  4.809E-08
  ge73   1.897E-16  1.180E-16  1.143E-16  1.269E-16  6.697E-17  1.244E-16  6.662E-18  1.503E-17  1.761E-12  1.845E-11  5.509E-11  1.201E-10  2.283E-10  3.760E-10
  ge74   7.936E-16  3.591E-16  3.192E-16  3.487E-16  1.760E-16  3.244E-16  1.585E-17  8.345E-18  2.844E-16  2.674E-16  1.391E-18  5.781E-17  2.047E-17  3.780E-18
  ge76   1.357E-18  4.986E-19  3.456E-19  3.319E-19  1.433E-19  2.261E-19  9.614E-21  4.434E-21  1.327E-19  1.124E-19  5.258E-22  2.068E-20  7.279E-21  1.352E-21
  as75   1.011E-16  1.276E-16  1.161E-16  1.274E-16  6.555E-17  1.229E-16  6.133E-18  7.804E-18  1.814E-12  2.178E-11  6.810E-11  1.513E-10  2.946E-10  5.044E-10
  se74   2.743E-19  2.344E-16  3.158E-16  3.833E-16  2.236E-16  4.613E-16  2.487E-17  6.273E-16  2.176E-10  2.541E-09  7.864E-09  1.737E-08  3.367E-08  5.750E-08
  se76   2.381E-16  4.840E-16  4.365E-16  4.579E-16  2.100E-16  3.844E-16  1.655E-17  1.143E-17  1.985E-12  2.749E-11  9.315E-11  2.186E-10  4.563E-10  8.500E-10
  se77   1.015E-16  5.380E-17  5.234E-17  5.854E-17  3.040E-17  5.860E-17  2.836E-18  1.527E-18  6.527E-15  9.737E-14  3.400E-13  8.112E-13  1.683E-12  3.043E-12
  se78   3.738E-16  3.460E-16  2.712E-16  2.806E-16  1.274E-16  2.294E-16  9.605E-18  4.730E-18  1.765E-16  1.607E-16  6.902E-19  3.199E-17  1.076E-17  1.854E-18
  se80   8.489E-16  4.805E-16  4.212E-16  4.559E-16  2.191E-16  4.186E-16  1.735E-17  8.583E-18  3.575E-16  3.342E-16  1.259E-18  6.732E-17  2.208E-17  3.605E-18
  se82   1.860E-15  9.825E-16  8.900E-16  9.643E-16  4.401E-16  9.036E-16  3.042E-17  1.418E-17  7.791E-16  7.348E-16  1.797E-18  1.407E-16  4.116E-17  5.713E-18
  br79   1.351E-16  1.192E-16  1.201E-16  1.325E-16  6.593E-17  1.268E-16  5.586E-18  2.863E-18  4.384E-15  6.856E-14  2.456E-13  5.949E-13  1.264E-12  2.366E-12
  br81   4.760E-16  5.130E-16  4.977E-16  5.440E-16  2.580E-16  5.165E-16  1.931E-17  9.320E-18  4.573E-16  6.954E-16  1.089E-15  2.823E-15  5.968E-15  1.125E-14
  kr78   1.667E-32  1.690E-17  4.359E-17  6.651E-17  4.786E-17  1.265E-16  6.258E-18  3.758E-18  2.026E-16  5.115E-16  1.127E-15  2.755E-15  5.787E-15  1.088E-14
  kr80   5.799E-26  2.239E-16  4.371E-16  5.669E-16  3.278E-16  7.707E-16  3.120E-17  1.652E-17  1.029E-14  1.713E-13  6.402E-13  1.594E-12  3.449E-12  6.615E-12
  kr82   3.402E-22  1.416E-16  2.055E-16  2.414E-16  1.165E-16  2.766E-16  8.603E-18  4.177E-18  2.830E-16  2.967E-16  7.836E-17  2.521E-16  4.702E-16  9.384E-16
  kr83   4.544E-16  3.200E-16  3.094E-16  3.407E-16  1.502E-16  3.369E-16  9.619E-18  4.402E-18  3.301E-16  7.289E-16  1.691E-15  4.380E-15  9.518E-15  1.834E-14
  kr84   1.333E-15  6.158E-16  5.652E-16  6.086E-16  2.469E-16  5.736E-16  1.319E-17  5.583E-18  4.876E-16  4.644E-16  5.445E-19  8.072E-17  1.928E-17  2.029E-18
  kr86   3.982E-17  1.288E-17  1.225E-17  1.369E-17  4.682E-18  1.322E-17  1.770E-19  6.557E-20  1.135E-17  1.100E-17  4.538E-21  1.694E-18  3.096E-19  2.180E-20
  rb85   1.229E-16  7.965E-17  8.455E-17  9.805E-17  3.929E-17  1.041E-16  2.067E-18  8.871E-19  1.001E-16  1.001E-16  6.490E-18  3.488E-17  4.807E-17  1.005E-16
  rb87   3.563E-24  4.326E-20  1.001E-19  1.465E-19  6.982E-20  2.236E-19  4.072E-21  1.721E-21  2.557E-19  2.548E-19  1.461E-22  3.965E-20  8.111E-21  6.411E-22
  sr84   1.231E-29  3.008E-18  1.285E-17  2.311E-17  1.970E-17  7.047E-17  2.960E-18  1.841E-18  1.667E-16  5.962E-16  1.761E-15  4.709E-15  1.059E-14  2.122E-14
  sr86   1.701E-26  1.178E-18  8.148E-18  1.620E-17  1.257E-17  3.873E-17  1.323E-18  6.836E-19  5.010E-17  5.123E-17  5.661E-18  2.439E-17  3.905E-17  7.941E-17
  sr87   1.070E-34  6.221E-20  4.803E-19  9.905E-19  8.332E-19  2.720E-18  9.757E-20  5.250E-20  4.205E-18  1.161E-17  3.321E-17  9.111E-17  2.073E-16  4.146E-16
  sr88   5.119E-30  2.332E-19  1.035E-18  1.405E-18  9.707E-19  3.496E-18  1.551E-19  1.014E-19  8.789E-18  1.956E-17  4.342E-17  1.243E-16  2.886E-16  5.974E-16
   y89   7.114E-36  6.346E-20  1.005E-18  1.898E-18  1.287E-18  3.726E-18  1.326E-19  7.193E-20  5.302E-18  6.027E-18  1.952E-18  6.754E-18  1.378E-17  2.840E-17
  zr90   4.762E-39  6.302E-20  2.822E-18  1.321E-17  1.879E-17  8.836E-17  4.160E-18  2.629E-18  2.052E-16  2.253E-16  3.328E-18  5.575E-17  3.531E-17  5.123E-17
  zr91   1.181E-44  2.446E-23  4.401E-21  4.160E-20  9.764E-20  6.164E-19  3.470E-20  2.557E-20  2.293E-18  2.858E-18  5.457E-20  8.788E-19  5.747E-19  7.225E-19
  zr92   4.486E-50  1.929E-26  3.514E-24  2.487E-23  4.609E-23  2.406E-22  1.185E-23  7.840E-24  6.455E-22  7.389E-22  1.655E-24  1.661E-22  4.956E-23  6.618E-24
  zr94   1.090E-59  1.571E-34  9.236E-34  1.779E-33  1.113E-33  2.906E-33  8.108E-35  3.522E-35  2.420E-33  2.185E-33  3.037E-36  3.322E-34  7.710E-35  7.756E-36
  zr96   9.298E-70  3.733E-39  5.195E-39  5.640E-39  1.848E-39  4.308E-39  6.032E-41  2.022E-41  2.572E-39  2.327E-39  1.232E-42  3.086E-40  6.310E-41  5.032E-42
  nb93   1.298E-55  1.873E-26  7.131E-24  8.483E-23  2.645E-22  2.018E-21  1.267E-22  1.011E-22  1.043E-20  4.391E-20  1.666E-19  5.170E-19  1.311E-18  2.947E-18
  mo92   2.802E-65  1.214E-23  1.727E-21  2.340E-20  8.873E-20  8.189E-19  5.924E-20  5.288E-20  5.542E-18  8.074E-18  8.467E-19  4.995E-18  6.770E-18  1.201E-17
  mo94   8.922E-67  2.685E-27  1.697E-24  1.641E-23  4.077E-23  2.549E-22  1.376E-23  9.715E-24  3.976E-21  1.512E-19  8.587E-19  2.794E-18  7.509E-18  1.846E-17
  mo95   7.696E-65  6.679E-31  1.332E-27  1.934E-26  7.762E-26  6.783E-25  4.594E-26  3.937E-26  7.646E-24  1.771E-22  9.690E-22  3.126E-21  8.258E-21  1.991E-20
  mo96   7.108E-72  1.649E-32  1.136E-29  8.071E-29  1.718E-28  9.792E-28  4.961E-29  3.362E-29  2.839E-27  3.315E-27  9.035E-30  7.657E-28  2.484E-28  8.577E-29
  mo97   3.076E-75  1.783E-34  1.595E-30  2.488E-29  1.194E-28  1.162E-27  8.110E-29  7.044E-29  7.153E-27  9.806E-27  3.219E-29  2.912E-27  1.090E-27  5.142E-28
  mo98   2.412E-80  9.449E-40  2.746E-37  1.064E-36  1.169E-36  3.863E-36  1.278E-37  5.997E-38  3.752E-36  3.319E-36  5.645E-39  4.778E-37  1.118E-37  1.213E-38
 mo100   1.211E-89  4.359E-46  5.490E-46  6.859E-46  3.466E-46  1.030E-45  2.656E-47  1.201E-47  9.937E-46  9.630E-46  1.177E-48  1.591E-46  3.786E-47  3.706E-48
  ru96   3.548E-87  1.890E-32  1.150E-28  2.710E-27  1.814E-26  2.231E-25  1.824E-26  1.796E-26  2.026E-24  3.167E-24  7.712E-25  3.652E-24  7.884E-24  2.019E-23
  ru98   6.042E-88  1.369E-34  1.984E-30  2.761E-29  1.105E-28  9.262E-28  5.519E-29  4.238E-29  3.831E-27  4.769E-27  1.140E-29  1.223E-27  3.783E-28  5.286E-29
  ru99   5.697E-85  6.975E-38  8.635E-34  9.426E-33  3.016E-32  2.132E-31  1.117E-32  7.730E-33  6.406E-31  7.414E-31  1.664E-33  1.704E-31  4.915E-32  6.469E-33
 ru100   8.362E-93  2.422E-38  2.237E-34  2.010E-33  5.106E-33  2.995E-32  1.359E-33  8.302E-34  6.196E-32  6.573E-32  1.363E-34  1.323E-32  3.516E-33  4.333E-34
 ru101   2.693E-94  3.012E-43  2.192E-39  1.616E-38  3.417E-38  1.751E-37  7.167E-39  4.016E-39  2.796E-37  2.805E-37  5.527E-40  5.200E-38  1.306E-38  1.536E-39
 ru102   0.000E+00  2.358E-44  1.234E-40  7.606E-40  1.281E-39  5.502E-39  1.958E-40  9.754E-41  6.161E-39  5.698E-39  1.039E-41  9.337E-40  2.169E-40  2.400E-41
 ru104   0.000E+00  1.892E-51  9.169E-49  4.087E-48  4.743E-48  1.542E-47  4.411E-49  1.826E-49  9.935E-48  8.104E-48  1.310E-50  1.102E-48  2.258E-49  2.268E-50
 rh103   0.000E+00  8.732E-50  4.580E-47  2.434E-46  3.559E-46  1.385E-45  4.551E-47  2.117E-47  1.268E-45  1.123E-45  1.963E-48  1.726E-46  3.825E-47  4.081E-48
 pd105   0.000E+00  3.557E-54  2.089E-54  2.105E-54  5.465E-55  1.044E-54  1.855E-56  6.348E-57  5.141E-55  4.838E-55  4.606E-58  7.601E-56  1.712E-56  1.552E-57
 pd106   0.000E+00  4.036E-56  2.271E-56  2.016E-56  4.255E-57  6.750E-57  8.667E-59  2.375E-59  2.150E-57  1.774E-57  1.165E-60  2.242E-58  4.735E-59  4.049E-60
