Title: Presupernova evolution and explosive nucleosynthesis of rotating 
       massive stars in the metallicity range -3 {<=} [Fe/H] {<=} 0 
Authors: Limongi M., Chieffi A. 
Table: Wolf-Rayet Lifetimes of the models
================================================================================
Byte-by-byte Description of file: apjsaacb24t6_mrt.txt
--------------------------------------------------------------------------------
   Bytes Format Units   Label   Explanations
--------------------------------------------------------------------------------
   1-  3 I3     km/s    Vel     Velocity
   5-  6 I2     [Sun]   [Fe/H]  Metallicity
   8- 10 I3     solMass Mass    Initial mass
  12- 18 E7.2   yr      tO      ? Lifetime during the O-type phase
  20- 26 E7.2   yr      tWR     ? Lifetime during the WNR phase
  28- 34 E7.2   yr      tWNL    ? Lifetime during the WNL phase
  36- 42 A7     ---     WNL     ? Central mass fraction at WNL stage start (1)
  44- 50 E7.2   yr      tWNE    ? Lifetime during the WNE phase
  52- 58 A7     ---     WNE     ? Central mass fraction at WNE stage start (1)
  60- 66 E7.2   yr      tWNC    ? Lifetime during the WNC phase
  68- 74 A7     ---     WNC     ? Central mass fraction at WNC stage start (1)
  76- 82 E7.2   yr      tWC     ? Lifetime during the WC phase
  84- 90 A7     ---     WC      ? Central mass fraction at WC stage start (1)
--------------------------------------------------------------------------------
Note (1): In the format XX Y.YY where XX is the element (either "H " or "He")
          and Y.YY is the mass fraction of XX.
--------------------------------------------------------------------------------
  0  0  13                                                                                 
  0  0  15 8.31e+4                                                                         
  0  0  20 6.44e+6 7.79e+4 7.79e+4 He 0.05                                                 
  0  0  25 5.94e+6 2.89e+5 1.51e+5 He 0.45 1.39e+5 He 0.14                                 
  0  0  30 5.14e+6 3.07e+5 2.07e+5 He 0.57 1.00e+5 He 0.11                                 
  0  0  40 4.24e+6 3.03e+5 1.75e+5 He 0.73 1.28e+5 He 0.20                                 
  0  0  60 3.20e+6 3.52e+5 7.69e+4 He 0.96 1.56e+5 He 0.67 1.67e+4 He 0.20 1.03e+5 He 0.16 
  0  0  80 2.63e+6 3.71e+5 9.27e+4 H  0.01 1.01e+5 He 0.78 1.61e+4 He 0.40 1.61e+5 He 0.34 
  0  0 120 2.17e+6 5.46e+5 2.65e+5 H  0.09 6.63e+4 He 0.86 8.40e+3 He 0.58 2.06e+5 He 0.55 
150  0  13         3.59e+5 3.42e+5 He 0.15                 1.71e+4                         
150  0  15 1.72e+4 3.12e+5 3.09e+5 He 0.14 8.80e+2         2.99e+3                         
150  0  20 7.89e+6 5.45e+5 3.86e+5 He 0.64                 2.89e+4 He 0.13 1.30e+5 He 0.09 
150  0  25 7.51e+6 4.89e+5 2.71e+5 He 0.71                 1.48e+4 He 0.24 2.03e+5 He 0.22 
150  0  30 6.74e+6 4.49e+5 2.32e+5 He 0.76                 1.14e+4 He 0.29 2.05e+5 He 0.27 
150  0  40 5.46e+6 4.62e+5 2.30e+5 He 0.94                 7.63e+3 He 0.37 2.24e+5 He 0.36 
150  0  60 4.06e+6 3.79e+5 1.12e+5 He 0.95                 9.06e+3 He 0.57 2.58e+5 He 0.55 
150  0  80 3.40e+6 3.41e+5 7.92e+4 He 0.94                 9.07e+3 He 0.64 2.53e+5 He 0.61 
150  0 120 2.63e+6 5.16e+5 2.25e+5 H  0.06 1.60e+4 He 0.84 2.26e+4 He 0.77 2.52e+5 He 0.68 
300  0  13         5.23e+5 4.40e+5 He 0.31                 8.29e+4 He 0.02                 
300  0  15 1.14e+4 3.68e+5 2.93e+5 He 0.20                 7.45e+4 He 0.02                 
300  0  20 6.81e+6 2.85e+5 1.51e+5 He 0.25                 1.34e+5 He 0.09                 
300  0  25 8.92e+6 5.29e+5 2.19e+5 He 0.78                 2.41e+4 He 0.39 2.86e+5 He 0.34 
300  0  30 7.79e+6 5.29e+5 2.57e+5 He 0.92                 1.31e+4 He 0.38 2.59e+5 He 0.36 
300  0  40 6.04e+6 4.65e+5 1.60e+5 He 0.96                 1.08e+4 He 0.54 2.95e+5 He 0.51 
300  0  60 4.17e+6 1.01e+6 6.88e+5 H  0.12 4.19e+3 He 0.72 5.05e+4 He 0.71 2.64e+5 He 0.55 
300  0  80 3.33e+6 1.09e+6 7.74e+5 H  0.15 1.98e+4 He 0.74 4.39e+4 He 0.67 2.50e+5 He 0.53 
300  0 120 2.48e+6 1.16e+6 8.51e+5 H  0.22 1.48e+4 He 0.73 3.95e+4 He 0.68 2.50e+5 He 0.55 
  0 -1  13 3.66e+6                                                                         
  0 -1  15 8.95e+6                                                                         
  0 -1  20 8.25e+6                                                                         
  0 -1  25 6.96e+6                                                                         
  0 -1  30 6.09e+6                                                                         
  0 -1  40 4.99e+6                                                                         
  0 -1  60 3.82e+6                                                                         
  0 -1  80 3.20e+6 2.80e+5 2.80e+5 He 0.96                                                 
  0 -1 120 2.59e+6 2.65e+5 1.43e+5 He 0.98 7.03e+4 He 0.31 1.91e+3 He 0.10 4.96e+4 He 0.09 
150 -1  13 6.31e+5                                                                         
150 -1  15 1.03e+7                                                                         
150 -1  20 9.75e+6                                                                         
150 -1  25 8.10e+6                                                                         
150 -1  30 6.89e+6                                                                         
150 -1  40 5.62e+6 3.72e+4 3.72e+4 He 0.04                                                 
150 -1  60 4.19e+6 3.42e+5 1.07e+5 He 0.98                 2.81e+3 He 0.57 2.32e+5 He 0.56 
150 -1  80 3.42e+6 3.15e+5 9.55e+4 He 0.99                 5.91e+2 He 0.60 2.19e+5 He 0.60 
150 -1 120 2.57e+6 5.90e+5 3.54e+5 H  0.12 2.01e+4 He 0.75 2.06e+4 He 0.66 1.96e+5 He 0.57 
300 -1  13 3.46e+4                                                                         
300 -1  15 7.19e+6                                                                         
300 -1  20 9.78e+6                                                                         
300 -1  25 8.95e+6                                                                         
300 -1  30 7.63e+6 4.33e+4 4.03e+4 He 0.04 2.97e+3                                         
300 -1  40 5.85e+6 1.25e+5 6.64e+4 He 0.19                 2.60e+4 He 0.07 3.25e+4 He 0.03 
300 -1  60 4.35e+6 3.47e+5 9.87e+4 He 0.98                 3.85e+3 He 0.61 2.45e+5 He 0.60 
300 -1  80 3.27e+6 4.78e+5 2.35e+5 H  0.05                 3.01e+3 He 0.66 2.40e+5 He 0.65 
300 -1 120 2.56e+6 6.38e+5 4.02e+5 H  0.13                 7.20e+3 He 0.71 2.29e+5 He 0.68 
  0 -2  13 1.33e+7                                                                         
  0 -2  15 1.21e+7                                                                         
  0 -2  20 9.37e+6                                                                         
  0 -2  25 7.40e+6                                                                         
  0 -2  30 6.25e+6                                                                         
  0 -2  40 4.99e+6                                                                         
  0 -2  60 3.90e+6                                                                         
  0 -2  80 3.37e+6                                                                         
  0 -2 120 2.87e+6                                                                         
150 -2  13 1.52e+7                                                                         
150 -2  15 1.38e+7                                                                         
150 -2  20 1.06e+7                                                                         
150 -2  25 8.12e+6                                                                         
150 -2  30 7.12e+6                                                                         
150 -2  40 5.51e+6 4.05e+5 3.60e+5 He 0.97                 4.19e+4 He 0.05 3.22e+3         
150 -2  60 4.08e+6 3.40e+5 2.98e+5 He 0.99                 1.77e+4 He 0.06 2.38e+4 He 0.03 
150 -2  80 3.45e+6 3.15e+5 2.62e+5 He 0.99                 1.08e+4 He 0.09 4.20e+4 He 0.07 
150 -2 120 2.92e+6 3.09e+5 2.19e+5 H  0.00                 4.64e+3 He 0.18 8.57e+4 He 0.17 
300 -2  13 1.32e+7                                                                         
300 -2  15 1.36e+7                                                                         
300 -2  20 1.11e+7                                                                         
300 -2  25 8.93e+6 3.04e+5 3.04e+5 He 0.33 8.12e+2         3.18e-3                         
300 -2  30 7.11e+6 4.86e+5 3.42e+5 He 0.97                 5.02e+4 He 0.18 9.42e+4 He 0.10 
300 -2  40 5.48e+6 3.21e+5 2.45e+5 He 0.71                 7.67e+4 He 0.10                 
300 -2  60 4.14e+6 3.38e+5 2.16e+5 He 0.99                 3.62e+4 He 0.24 8.64e+4 He 0.14 
300 -2  80 3.48e+6 3.54e+5 2.03e+5 H  0.01                 1.20e+4 He 0.35 1.39e+5 He 0.31 
300 -2 120 2.90e+6 4.90e+5 3.02e+5 H  0.07                 5.54e+3 He 0.46 1.82e+5 He 0.44 
  0 -3  13 1.53e+7                                                                         
  0 -3  15 1.32e+7                                                                         
  0 -3  20 9.30e+6                                                                         
  0 -3  25 7.35e+6                                                                         
  0 -3  30 6.34e+6                                                                         
  0 -3  40 5.28e+6                                                                         
  0 -3  60 4.08e+6                                                                         
  0 -3  80 3.49e+6                                                                         
  0 -3 120 2.84e+6                                                                         
150 -3  13 1.78e+7                                                                         
150 -3  15 1.53e+7                                                                         
150 -3  20 1.04e+7                                                                         
150 -3  25 8.04e+6                                                                         
150 -3  30 7.21e+6                                                                         
150 -3  40 5.50e+6 4.03e+5 4.03e+5 He 0.97                                                 
150 -3  60 4.14e+6 3.52e+5 3.52e+5 He 0.99                                                 
150 -3  80 3.41e+6 3.24e+5 3.24e+5 He 0.99                                                 
150 -3 120 2.88e+6 2.81e+5 2.81e+5 He 0.96                                                 
300 -3  13 1.68e+7                                                                         
300 -3  15 1.56e+7                                                                         
300 -3  20 1.08e+7                                                                         
300 -3  25 8.87e+6 3.07e+2 3.07e+2                                                         
300 -3  30 7.30e+6 2.26e+5 2.26e+5 He 0.35                                                 
300 -3  40 5.32e+6 4.09e+5 3.95e+5 He 0.97                 1.37e+4 He 0.01                 
300 -3  60 4.00e+6 3.47e+5 3.46e+5 He 0.97 1.27e+3                                         
300 -3  80 3.40e+6 3.77e+5 3.41e+5 H  0.02                 3.57e+4 He 0.05                 
300 -3 120 2.78e+6 3.97e+5 3.97e+5 H  0.06                                                 
