Title: Four-hundred Very Metal-Poor Stars Studied with LAMOST and Subaru. 
       II. Elemental abundances 
Authors: Li H., Aoki W., Matsuno T., Xing Q., Suda T., Tominaga N., Chen Y., 
    Honda S., Ishigaki M.N., Shi J., Zhao J., Zhao G. 
Table: Stellar Parameters of the Program Stars
================================================================================
Byte-by-byte Description of file: apjac6514t2_mrt.txt
--------------------------------------------------------------------------------
   Bytes Format Units     Label        Explanations
--------------------------------------------------------------------------------
   1- 10 A10    ---       ID           Short ID of a star, Paper I
  13- 22 F10.6  deg       RAdeg        Right Ascension in degrees (J2000)
  24- 32 F9.6   deg       DEdeg        Declination in degrees (J2000)
  34- 39 F6.1   km/s      RVel         Radial velocity (observed)
  41- 45 F5.1   ---       SNR          Spectral SNR around 4500 Angstrom
  47- 50 I4     K         Teff         Effective temperature derived from Subaru spectra
  52- 54 I3     K       e_Teff         Uncertainty of the Subaru-derived effective temperature
  56- 59 F4.2   [cm/s2]   logg         Surface gravity derived from Subaru spectra
  61- 64 F4.2   [cm/s2] e_logg         Uncertainty of the Subaru-derived surface gravity
  66- 70 F5.2   [-]       FeH          Metallicity derived from Subaru spectra
  72- 75 F4.2   [-]     e_FeH          Uncertainty of the Subaru-derived metallicity
  77- 80 F4.2   km/s      vt           Microturbulent velocity derived from Subaru spectra
  82- 85 F4.2   km/s    e_vt           Uncertainty of the Subaru-derived microturbulent velocity
  87- 92 F6.3   [Lsun]    logL         Luminosity derived from the Subaru spectra
  94- 98 F5.3   [Lsun]  e_logL         Uncertainty of the Subaru-derived luminosity
 100-100 I1     ---     f_logg         flag of the Subaru-derived surface gravity (1)
 102-105 I4     K         Teff-LAMOST  Effective temperature derived from LAMOST spectra 
 107-110 F4.2   [cm/s2]   logg-LAMOST  Surface gravity derived from LAMOST spectra
 112-116 F5.2   [-]       FeH-LAMOST   Metallicity derived from LAMOST spectra
--------------------------------------------------------------------------------
Note (1): Definition of f_logg:
    0 = logg have been estimated based on reliable parallaxes;
    1 = logg based on empirical correction from the spectroscopic estimation.
--------------------------------------------------------------------------------
J0002+0343    0.645994  3.727085  -91.4  23.7 6207 110 4.16 0.05 -3.02 0.24 1.19 0.30  0.307 0.060 0 6361 4.30 -3.36 
J0003+1556    0.795383 15.933828 -185.5  32.2 5302  45 2.31 0.08 -2.23 0.11 2.11 0.12  1.883 0.081 0 5289 1.09 -2.62 
J0006+0123    1.657593  1.395354  -65.9  44.1 5675  53 3.23 0.04 -2.27 0.11 1.52 0.08  1.081 0.043 0 5500 2.52 -2.58 
J0006+1057    1.571676 10.961624 -312.4  20.9 4691  38 1.63 0.14 -3.15 0.14 2.51 0.11  2.350 0.140 1 5012 1.72 -3.15 
J0013+2350    3.463742 23.846972 -259.2  41.4 6093 120 3.98 0.04 -2.26 0.09 1.49 0.10  0.455 0.054 0 6238 3.91 -2.20 
J0022+4254    5.510848 42.916500 -183.3  23.2 6566 133 3.98 0.06 -2.99 0.25 0.96 0.30  0.585 0.072 0 6250 4.04 -3.36 
J0023+2023    5.795711 20.392651 -126.0  37.3 5197  68 2.79 0.05 -3.29 0.09 1.53 0.11  1.368 0.054 0 5250 2.55 -3.09 
J0023+3558    5.916771 35.967957 -303.0  38.0 5145  82 3.20 0.06 -2.56 0.09 1.35 0.08  0.941 0.065 0 4960 3.36 -3.07 
J0025+2305    6.432368 23.093561 -229.6  48.3 6308 144 3.93 0.04 -2.81 0.10 1.99 0.17  0.565 0.059 0 6152 3.26 -3.42 
J0032+4107    8.214463 41.130272 -396.8  43.6 5074  73 2.16 0.09 -2.69 0.11 1.83 0.08  1.957 0.093 0 5198 2.14 -2.69 
J0037+2935    9.282562 29.585054  -31.9  19.1 6019  93 4.37 0.03 -2.89 0.18 1.15 0.27  0.043 0.041 0 6097 4.22 -3.73 
J0040+2729   10.052171 27.490208  -91.4  52.0 4574  78 1.34 0.07 -2.81 0.11 2.16 0.07  2.597 0.074 0 4848 1.00 -2.41 
J0041+3633   10.253755 36.561050 -137.0  56.0 5155  74 2.03 0.06 -2.37 0.11 2.05 0.06  2.114 0.064 0 5136 1.16 -2.32 
J0054+2649   13.513133 26.819372 -307.5  55.8 6320 134 4.07 0.04 -3.22 0.12 1.45 0.23  0.428 0.057 0 6361 4.26 -3.29 
J0055+1857   13.864525 18.965879   16.8  88.8 5043  27 2.67 0.04 -2.34 0.09 1.50 0.06  1.436 0.041 0 5086 2.93 -2.30 
J0056+3533   14.014032 35.566036 -233.8  65.7 6607  34 2.73 0.05 -2.17 0.13 3.25 0.30  1.845 0.051 0 6460 2.86 -2.28 
J0102+0523   15.637331  5.394999   45.7  41.0 6364  52 2.69 0.08 -3.07 0.08 3.55 0.29  1.820 0.082 0 6117 2.97 -3.50 
J0102+1052   15.645967 10.879296 -130.7  24.5 5995 120 4.52 0.04 -3.11 0.19 0.30 0.30 -0.113 0.054 0 6000 4.36 -3.34 
J0119-0121   19.913881 -1.363738  -68.7  39.3 6262 164 4.15 0.06 -3.19 0.16 1.69 0.30  0.332 0.078 0 6388 4.19 -3.16 
J0119+2425   19.871023 24.425343  -93.2  68.6 6288 115 4.26 0.03 -2.81 0.09 1.54 0.12  0.229 0.046 0 6347 4.38 -2.65 
J0124+0458   21.010971  4.970934 -173.7  33.9 4784  27 1.58 0.12 -3.22 0.11 2.17 0.09  2.435 0.120 1 5140 1.78 -3.17 
J0124+2508   21.229126 25.139225   24.8  31.0 6545 130 4.15 0.03 -3.17 0.15 1.30 0.30  0.409 0.049 0 6416 4.27 -4.12 
J0126+0135   21.744091  1.587622 -225.0  25.0 4508  63 1.39 0.13 -3.38 0.18 2.81 0.16  2.521 0.131 1 4901 1.29 -3.22 
J0127-0016   21.969019 -0.271181  -71.7  24.8 6326  90 4.25 0.04 -2.88 0.18 1.96 0.30  0.250 0.048 0 6166 3.65 -3.15 
J0127+1100   21.793394 11.013350  159.1  30.2 4942  47 2.49 0.05 -2.41 0.09 1.50 0.05  1.581 0.052 0 5063 2.34 -2.18 
J0131+4800   22.816286 48.004845  -24.7  83.7 6230  98 4.11 0.03 -1.80 0.09 1.40 0.07  0.363 0.042 0 6170 4.21 -2.19 
J0133+0654   23.410364  6.906804    0.2  46.3 4946  46 1.95 0.07 -2.67 0.12 1.83 0.08  2.122 0.071 0 4913 3.00 -3.01 
J0141+2230   25.454504 22.515953  -40.5  28.7 5700 102 3.68 0.05 -2.29 0.10 1.43 0.08  0.639 0.059 0 5750 3.81 -2.33 
J0146+2956   26.681587 29.947844   -0.1  11.6 6486 155 4.15 0.07 -2.40 0.24 1.09 0.30  0.393 0.084 0 6347 4.04 -3.90 
J0150+2149   27.689735 21.827986 -192.7  29.3 6378 175 3.66 0.06 -2.95 0.11 2.06 0.30  0.854 0.080 0 6500 4.07 -3.19 
J0158+3828   29.739065 38.476315  -59.0  19.8 5076  37 2.49 0.22 -3.28 0.12 1.91 0.13  1.627 0.220 1 5211 2.79 -3.62 
J0159+1219   29.943588 12.319684   38.9  41.0 5005  42 3.49 0.03 -1.94 0.09 0.75 0.10  0.603 0.033 0 4974 3.82 -3.65 
J0203+0851   30.758680  8.866111  -82.9  41.5 5871  79 3.96 0.02 -2.14 0.13 1.56 0.11  0.410 0.031 0 6095 3.97 -2.14 
J0213-0005   33.417656 -0.088509  163.6  32.8 6266 359 4.37 0.10 -1.89 0.11 1.30 0.11  0.113 0.147 0 6037 3.84 -2.33 
J0232+0019   38.236729  0.330358  -28.1  28.1 4717  34 1.78 0.14 -3.25 0.15 2.24 0.12  2.210 0.140 1 5024 1.75 -3.30 
J0232+0545   38.209171  5.751286  -57.4  75.1 6173  85 4.08 0.03 -2.26 0.10 1.18 0.09  0.377 0.039 0 6250 3.89 -2.30 
J0232+4115   38.078278 41.262417 -454.0  29.5 5754 114 2.42 0.15 -3.20 0.13 2.68 0.19  1.915 0.154 1 5888 2.61 -2.97 
J0235+0246   38.982880  2.774752   66.4  47.1 6227   7 2.92 0.30 -3.29 0.08 2.60 0.22  1.552 0.300 1 6361 3.51 -3.51 
J0236+0844   39.119049  8.734916 -160.4  22.6 5809  84 4.54 0.03 -3.04 0.11 0.65 0.30 -0.189 0.039 0 5861 4.00 -2.98 
J0244+0828   41.146194  8.480548 -106.9  68.7 6365 119 4.28 0.03 -2.48 0.08 1.33 0.09  0.231 0.047 0 6212 3.85 -2.73 
J0246+2643   41.678204 26.724737  -64.5  93.4 6024 114 2.58 0.05 -2.83 0.09 4.10 0.30  1.835 0.061 0 5944 1.20 -3.01 
J0248+0714   42.206379  7.248736  -13.7  34.5 5217  50 2.99 0.03 -2.05 0.09 1.58 0.07  1.175 0.034 0 5024 2.59 -2.17 
J0251-0006   42.959488 -0.110140  -46.2  26.0 6062 174 3.85 0.05 -2.97 0.15 1.90 0.21  0.576 0.072 0 6111 4.02 -3.01 
J0302+1356   45.538868 13.948985 -194.0  30.0 5020  68 1.97 0.07 -1.88 0.10 1.75 0.04  2.128 0.073 0 5413 2.37 -1.34 
J0305+0352   46.271015  3.873116   93.0  37.2 6194  86 4.06 0.03 -2.29 0.14 1.49 0.13  0.403 0.040 0 6250 3.96 -2.21 
J0310+2001   47.569134 20.028679  150.6  52.4 5386 156 4.24 0.05 -3.28 0.09 0.20 0.30 -0.020 0.069 0 6347 4.44 -3.60 
J0326+0202   51.724506  2.041151  106.7  89.5 5004  30 2.21 0.04 -3.04 0.10 1.55 0.07  1.883 0.041 0 5091 1.58 -3.17 
J0343-0430   55.960548 -4.508636  135.3  37.5 6003  60 3.98 0.02 -2.32 0.10 1.48 0.12  0.429 0.027 0 6037 3.84 -2.41 
J0347-0404   56.803421 -4.069164   87.3  36.1 4878  43 1.53 0.08 -2.75 0.15 1.89 0.08  2.518 0.081 1 4899 1.16 -3.09 
J0352+0514   58.044930  5.247481  -39.9  66.5 5880  84 4.23 0.02 -3.15 0.08 0.85 0.10  0.143 0.032 0 6138 4.15 -3.12 
J0357+3243   59.352264 32.717716  114.3  13.8 5427 112 3.61 0.04 -2.68 0.17 0.45 0.30  0.624 0.052 0 5638 3.70 -2.86 
J0405+2141   61.301807 21.692400 -283.1  52.8 5002  50 2.12 0.06 -3.21 0.09 1.94 0.06  1.972 0.062 0 5088 1.50 -3.32 
J0409+2009   62.290470 20.164698   26.5  26.8 4317  48 0.62 0.10 -3.37 0.11 2.36 0.09  3.216 0.101 1 4606 0.97 -3.20 
J0422+1808   65.688637 18.140097   76.2  20.4 4514  32 1.29 0.19 -4.06 0.16 2.08 0.19  2.624 0.190 1 4679 1.29 -3.72 
J0423+0538   65.886482  5.647117  116.2  61.7 6023 203 4.30 0.06 -2.18 0.08 1.35 0.09  0.115 0.086 0 6197 4.06 -2.13 
J0423+3230   65.924637 32.507694  155.2  23.7 4895  38 2.26 0.14 -3.38 0.14 1.54 0.10  1.794 0.140 1 5000 1.69 -3.37 
J0435+5650   68.958939 56.835571 -138.0  39.1 6524 584 4.22 0.15 -1.89 0.10 1.64 0.11  0.333 0.231 0 6111 3.57 -2.13 
J0440+1706   70.219124 17.114019  -16.9  23.2 6009 107 4.08 0.06 -3.40 0.09 1.46 0.30  0.331 0.068 0 5750 2.29 -3.55 
J0446+2124   71.707123 21.415560  -62.9  17.2 5069  51 2.87 0.08 -2.82 0.15 1.59 0.14  1.245 0.081 0 4895 1.92 -3.22 
J0529+5040   82.386887 50.675915 -389.8  43.4 6228 183 3.87 0.05 -2.16 0.11 1.64 0.10  0.603 0.074 0 6050 3.55 -2.21 
J0554+5235   88.535583 52.599735  105.5  65.0 5358 127 2.46 0.06 -2.29 0.08 1.90 0.06  1.751 0.071 0 5356 1.08 -2.35 
J0600+2301   90.019257 23.016680  -10.0  35.3 6132 495 3.31 0.14 -1.53 0.17 2.07 0.10  1.136 0.204 0 5190 3.17 -2.20 
J0626+6032   96.699631 60.548325  118.3  63.1 5863  69 3.73 0.03 -2.39 0.09 1.35 0.09  0.638 0.036 0 5679 2.68 -2.42 
J0632+2105   98.158730 21.092089 -117.6  26.9 5706 114 3.81 0.04 -3.41 0.22 1.29 0.30  0.511 0.053 0 5750 2.46 -3.28 
J0633+5527   98.370697 55.456749  -38.8  44.6 5015  50 2.64 0.05 -2.66 0.10 1.65 0.07  1.456 0.052 0 5210 2.44 -2.63 
J0637+4308   99.472878 43.138603   59.6  97.9 6189  96 4.07 0.03 -2.97 0.08 1.55 0.12  0.392 0.042 0 6138 2.75 -3.13 
J0643+5111  100.771423 51.190083  -47.5  81.6 5307  64 3.26 0.03 -2.48 0.08 1.26 0.07  0.935 0.036 0 5418 3.33 -2.75 
J0643+5934  100.757782 59.575203   53.7 119.7 4967  68 2.10 0.06 -2.57 0.09 1.70 0.05  1.980 0.063 0 5026 2.19 -2.68 
J0650+4000  102.563286 40.011047  -11.6  14.9 6068  83 3.95 0.03 -2.27 0.09 1.87 0.20  0.478 0.039 0 6000 3.87 -2.38 
J0653+4735  103.373093 47.597206   76.1  50.7 4843  55 1.99 0.07 -2.41 0.09 1.68 0.06  2.046 0.072 0 4500 1.88 -3.06 
J0657+2948  104.280693 29.806152  234.6  52.1 6731 123 4.12 0.03 -2.89 0.09 1.36 0.30  0.488 0.048 0 6597 4.51 -3.65 
J0701+1813  105.348488 18.229267  152.9  30.2 5093  48 2.36 0.07 -2.31 0.09 1.55 0.05  1.763 0.071 0 5215 1.95 -2.23 
J0703+3747  105.755608 37.790024  -40.3  26.6 6180  98 4.12 0.03 -2.42 0.09 1.54 0.15  0.339 0.042 0 6250 4.01 -2.58 
J0705+2552  106.426262 25.874069   63.0  65.1 5271  62 3.06 0.05 -3.32 0.09 1.44 0.11  1.123 0.053 0 5250 3.04 -2.84 
J0705+2922  106.454018 29.366991  -46.1  30.3 6210  85 4.05 0.04 -3.07 0.24 1.19 0.30  0.418 0.047 0 6347 4.30 -3.15 
J0709+3413  107.283463 34.224667  116.6  39.5 4976  30 2.26 0.07 -2.48 0.12 1.54 0.05  1.823 0.071 0 4815 2.51 -3.14 
J0711+3538  107.810501 35.647243 -220.5  34.1 4702  58 1.49 0.12 -3.25 0.14 2.00 0.09  2.495 0.121 1 5040 1.76 -3.20 
J0713+5500  108.454887 55.008209  -56.9  29.5 4290  47 1.01 0.13 -3.62 0.17 2.74 0.15  2.815 0.131 1 4848 1.53 -3.31 
J0714+1600  108.594429 16.011812   21.0 156.1 5083  30 2.39 0.04 -2.29 0.08 1.52 0.04  1.730 0.041 0 5237 1.89 -2.33 
J0723+3806  110.849220 38.103809 -212.3  42.8 6093 137 4.16 0.05 -3.04 0.16 1.41 0.28  0.275 0.065 0 6300 4.38 -3.11 
J0723+5206  110.984802 52.110329  -45.2   6.9 4895  72 2.02 0.08 -2.59 0.16 2.82 0.27  2.034 0.083 0 4887 2.27 -2.51 
J0726+3644  111.598083 36.734882 -133.8  27.9 6437  88 4.23 0.03 -2.13 0.11 1.82 0.14  0.300 0.040 0 6199 3.85 -2.41 
J0728+3112  112.234062 31.207647  157.7  19.5 6390 117 4.34 0.03 -1.98 0.15 1.44 0.21  0.177 0.046 0 6198 4.16 -2.28 
J0729+1753  112.324081 17.896551  249.4   9.3 4531  39 0.55 0.30 -3.34 0.15 3.47 0.19  3.370 0.300 1 5026 2.06 -3.19 
J0741+2132  115.258636 21.546274  292.6  46.0 6064  51 4.01 0.02 -2.43 0.09 1.40 0.10  0.416 0.025 0 6288 3.84 -2.24 
J0748+3209  117.089706 32.150372 -119.9  25.0 5029  53 2.33 0.07 -3.08 0.16 2.00 0.15  1.771 0.072 0 4789 2.93 -3.35 
J0748+4613  117.197075 46.219002    5.2  78.5 4706  68 1.33 0.08 -3.10 0.12 2.20 0.08  2.656 0.083 0 4952 1.86 -3.18 
J0749+4629  117.354843 46.488140  116.0  24.9 6164 124 3.95 0.04 -2.41 0.15 1.57 0.17  0.505 0.055 0 6111 3.78 -2.63 
J0753+2350  118.367493 23.839073  352.2  52.2 4929  66 2.03 0.07 -3.45 0.10 1.71 0.09  2.036 0.073 0 5070 2.73 -3.19 
J0758+4703  119.568268 47.062038  -41.2  49.5 5766  61 4.08 0.08 -2.18 0.10 1.14 0.11  0.259 0.082 0 6000 4.01 -2.02 
J0759+5411  119.751060 54.185398   34.2  36.4 6493 145 4.16 0.05 -3.18 0.15 2.41 0.30  0.385 0.066 0 6287 4.53 -3.63 
J0801+4530  120.322937 45.500950   68.8  21.9 4966  70 2.30 0.06 -2.99 0.15 1.80 0.13  1.779 0.064 0 4870 0.97 -3.09 
J0804+4659  121.184547 46.997051    3.8  38.9 5812  86 3.06 0.13 -2.07 0.09 1.81 0.08  1.293 0.133 0 5860 4.18 -2.17 
J0804+5740  121.220154 57.672100 -318.1  43.4 4556  93 1.45 0.07 -2.47 0.09 1.94 0.05  2.480 0.075 0 4707 1.13 -2.19 
J0814+3305  123.554825 33.099293   93.2  25.2 5685  81 3.46 0.07 -3.34 0.25 0.35 0.30  0.854 0.074 0 5638 1.97 -3.31 
J0814+4055  123.713181 40.929455  158.5  43.3 6125 149 4.42 0.04 -2.88 0.14 1.60 0.20  0.024 0.060 0 6083 4.40 -2.83 
J0815+3051  123.984779 30.865723  158.3  20.6 6451 136 3.87 0.07 -2.36 0.22 0.94 0.30  0.664 0.081 0 6361 4.49 -3.22 
J0816-0559  124.116592 -5.987040  184.9  35.4 4716  26 2.03 0.07 -3.56 0.12 2.09 0.13  1.960 0.070 0 4948 2.02 -3.56 
J0824+3025  126.247185 30.428350   18.1  19.6 6327 235 4.19 0.08 -2.72 0.21 1.34 0.30  0.310 0.107 0 6250 3.98 -3.31 
J0828+0037  127.042976  0.618464  305.0  64.8 6020  59 3.84 0.03 -2.21 0.10 1.38 0.08  0.574 0.035 0 6024 3.86 -2.19 
J0830+1214  127.542694 12.246818  109.2  14.9 4810  49 2.14 0.30 -3.38 0.19 2.28 0.24  1.884 0.300 1 5000 1.65 -3.42 
J0830+1751  127.543121 17.862062   21.0  17.2 6164 136 4.15 0.04 -1.80 0.13 1.27 0.18  0.305 0.057 0 6155 4.14 -2.13 
J0832+2450  128.242981 24.833618   80.4  86.4 6128  65 3.91 0.02 -2.38 0.08 1.30 0.06  0.535 0.028 0 6211 4.18 -2.29 
J0834+2307  128.703873 23.126230  131.0  77.6 5386 117 3.37 0.04 -2.61 0.10 1.62 0.10  0.850 0.053 0 5474 3.22 -2.51 
J0842-0143  130.541382 -1.731691  185.2  31.5 6481 127 4.07 0.03 -3.17 0.13 2.00 0.30  0.472 0.049 0 6320 4.33 -3.73 
J0845+0150  131.279480  1.836369  202.6  61.7 6237 108 3.98 0.03 -2.30 0.09 1.49 0.07  0.495 0.044 0 6250 3.89 -2.30 
J0845+2053  131.343903 20.898336  141.3  27.3 4993  74 1.85 0.08 -2.42 0.10 2.53 0.10  2.239 0.083 0 5053 1.22 -2.33 
J0849+1914  132.461456 19.236530   32.3  22.0 6517 106 4.06 0.04 -2.65 0.21 1.14 0.30  0.492 0.051 0 6429 4.16 -3.28 
J0850+4143  132.661987 41.730236 -137.0  19.9 5027  44 1.96 0.07 -2.53 0.11 2.16 0.08  2.141 0.071 0 5125 1.08 -2.34 
J0852+2627  133.033630 26.458351  -54.6  17.8 5604 111 3.69 0.06 -2.41 0.11 1.55 0.13  0.599 0.069 0 5847 3.72 -2.34 
J0854+1405  133.575531 14.084297  241.1  15.9 6065  92 4.39 0.03 -3.05 0.13 2.17 0.30  0.037 0.041 0 6047 4.49 -3.04 
J0906+2924  136.536911 29.413280   89.7  16.9 4732  38 1.42 0.12 -3.02 0.17 1.73 0.16  2.576 0.121 1 5012 2.20 -3.17 
J0908+3119  137.220306 31.328123  172.9  18.6 4674  39 2.06 0.30 -3.74 0.17 2.30 0.20  1.914 0.300 1 4815 1.12 -3.29 
J0908+3207  137.108627 32.121304   45.4  23.5 5141  34 2.64 0.19 -2.74 0.17 1.69 0.15  1.500 0.190 1 5210 1.96 -3.24 
J0910+3854  137.551437 38.915558   23.7  31.6 4814  43 1.73 0.06 -3.50 0.14 2.14 0.09  2.295 0.061 1 5026 1.84 -3.42 
J0913+0726  138.307617  7.437215   22.1  68.6 6015  72 4.44 0.02 -2.03 0.09 1.30 0.08 -0.029 0.029 0 6000 4.42 -2.38 
J0914+2351  138.637817 23.865112  -18.5  40.1 4604  37 1.29 0.09 -3.30 0.16 2.01 0.11  2.658 0.091 1 4975 1.87 -3.20 
J0918+5107  139.717010 51.122604  -35.6  40.6 5032  84 2.18 0.08 -3.24 0.13 1.81 0.15  1.922 0.084 0 4854 3.63 -3.39 
J0924+2651  141.204529 26.863159 -135.9  95.2 6299  61 3.98 0.02 -2.55 0.09 1.50 0.09  0.512 0.027 0 6287 4.26 -2.82 
J0934-0108  143.536697 -1.140386   -8.2  88.5 5155  44 2.73 0.04 -2.34 0.09 1.52 0.05  1.414 0.042 0 5237 1.95 -2.45 
J0934-0259  143.657944 -2.991637  164.6  75.9 6051  82 4.38 0.02 -1.85 0.08 1.35 0.07  0.043 0.032 0 6141 4.36 -2.09 
J0934+3511  143.739014 35.192013 -113.0  31.0 6436 146 4.39 0.06 -3.23 0.17 1.09 0.30  0.140 0.074 0 6375 4.43 -3.81 
J0938+2900  144.677963 29.003345   87.6  28.2 6583 167 4.07 0.05 -2.51 0.26 2.05 0.30  0.499 0.071 0 6311 4.03 -2.96 
J0940-0144  145.227081 -1.748544  195.8  11.8 6198  72 3.80 0.03 -2.09 0.23 2.70 0.30  0.664 0.037 0 5800 3.79 -2.34 
J0946-0705  146.697113 -7.092810  112.1  43.4 6029  96 3.97 0.03 -2.06 0.13 1.43 0.11  0.446 0.042 0 6000 3.81 -2.29 
J0946+1803  146.689774 18.057930 -131.4  18.3 4847  40 2.49 0.28 -3.60 0.18 1.86 0.18  1.547 0.280 1 5083 2.26 -3.59 
J0948+0000  147.039215  0.002265   92.3 110.7 6093  57 2.67 0.08 -2.79 0.08 2.90 0.13  1.765 0.082 0 6361 2.46 -3.16 
J0949+2707  147.417496 27.117622  -99.9  14.3 6134 212 4.12 0.09 -2.90 0.25 0.92 0.30  0.326 0.110 0 6388 4.03 -3.03 
J0953+5437  148.452744 54.623432  -48.5  58.8 5370  69 3.25 0.02 -2.43 0.09 1.45 0.06  0.965 0.029 0 5460 3.16 -2.45 
J1003-0358  150.991364 -3.981096   99.0  40.5 6268  93 4.04 0.03 -2.18 0.09 1.38 0.09  0.444 0.041 0 6375 4.27 -2.21 
J1005-0350  151.487259 -3.845537  119.2  49.6 5262  59 3.21 0.04 -2.29 0.09 1.57 0.07  0.970 0.044 0 5274 3.23 -2.24 
J1011+3524  152.860352 35.403008   54.2  49.0 6114  80 4.38 0.02 -2.25 0.09 1.30 0.10  0.061 0.031 0 6250 4.09 -2.34 
J1014+0547  153.604080  5.791098  123.8  63.3 5955  56 3.98 0.04 -1.90 0.08 1.35 0.06  0.415 0.043 0 5987 3.95 -2.10 
J1015+4253  153.792465 42.888134  334.5  45.4 4946  50 1.93 0.06 -3.22 0.12 1.83 0.09  2.142 0.062 0 5051 1.64 -3.27 
J1017+0821  154.263306  8.359246  239.1  37.7 6032  74 2.66 0.08 -2.70 0.09 2.90 0.28  1.757 0.083 0 6051 2.20 -2.83 
J1017+3755  154.495132 37.932514   48.6  64.7 5317  40 2.66 0.07 -2.88 0.09 1.55 0.07  1.538 0.071 0 5250 2.03 -2.86 
J1019+3050  154.892639 30.838493  106.4  48.1 4842  26 1.78 0.09 -2.74 0.12 2.04 0.08  2.255 0.090 1 4901 1.40 -3.11 
J1020+4046  155.248657 40.781990 -116.6  34.2 6082  95 4.39 0.03 -2.94 0.13 1.35 0.20  0.042 0.041 0 5902 3.55 -2.93 
J1028+2625  157.131882 26.418272 -105.8  19.6 6065  86 4.54 0.04 -2.91 0.20 1.20 0.30 -0.113 0.048 0 5916 3.92 -3.14 
J1032+4209  158.064392 42.166416  -12.8  60.0 5102  49 2.45 0.11 -2.40 0.11 1.70 0.05  1.676 0.111 1 5000 2.66 -2.74 
J1035+3158  158.801773 31.980801 -217.2  17.4 4645  65 1.03 0.30 -3.68 0.19 2.89 0.25  2.933 0.301 1 5026 1.48 -3.11 
J1037+0655  159.379883  6.922283  199.9  23.6 4723  42 1.61 0.10 -3.36 0.15 2.24 0.12  2.382 0.101 1 4975 1.38 -3.37 
J1041+0710  160.413666  7.179972  433.5  23.4 5259  88 3.35 0.06 -2.80 0.18 1.26 0.18  0.829 0.066 0 5388 3.13 -3.02 
J1041+1056  160.366470 10.941111   -1.8  60.6 6038  75 2.44 0.08 -2.87 0.09 3.22 0.18  1.979 0.083 1 6063 2.09 -2.69 
J1044-0358  161.045639 -3.982261   90.5  62.6 6333 105 3.99 0.04 -2.13 0.09 1.68 0.09  0.512 0.051 0 6211 3.76 -2.37 
J1044+2955  161.165283 29.918495   -9.6  34.9 6220  98 4.12 0.03 -2.11 0.09 1.45 0.11  0.351 0.042 0 6224 4.01 -2.13 
J1044+3713  161.091461 37.222095  109.6  59.3 5609  53 3.42 0.04 -2.03 0.09 1.42 0.05  0.871 0.043 0 5553 2.81 -2.35 
J1049+1520  162.431091 15.336283   88.8  38.5 6139  71 3.91 0.02 -2.17 0.09 1.72 0.11  0.538 0.029 0 6184 4.08 -2.28 
J1050+2135  162.538910 21.592579   93.1 112.8 6236  51 4.31 0.01 -2.33 0.08 1.33 0.08  0.165 0.018 0 6138 3.83 -2.44 
J1053+2721  163.369492 27.366570    1.8  11.6 4953  50 2.81 0.30 -2.30 0.19 1.74 0.30  1.265 0.300 1 5125 2.16 -3.16 
J1058-0138  164.676895 -1.639235    7.7  61.0 6080  74 4.18 0.03 -2.28 0.09 1.30 0.11  0.251 0.037 0 6198 4.16 -2.28 
J1059+0208  164.843048  2.136974  -17.6  63.1 5207  92 3.06 0.05 -2.30 0.08 1.22 0.04  1.102 0.057 0 5613 2.73 -2.06 
J1101+2031  165.455795 20.523861   91.5 101.6 5301 104 2.81 0.05 -2.52 0.09 1.52 0.06  1.383 0.059 0 5433 2.79 -2.43 
J1102+0102  165.649948  1.048297   -6.6  63.3 4956  45 2.40 0.07 -2.32 0.09 1.61 0.05  1.676 0.071 1 4969 1.96 -2.34 
J1105+3305  166.363419 33.087521 -179.1  35.7 5007  51 2.21 0.06 -3.29 0.10 1.54 0.12  1.884 0.062 0 5000 1.31 -3.40 
J1106+5444  166.731827 54.748558    2.6  30.8 6417 104 4.29 0.03 -2.80 0.11 1.81 0.25  0.235 0.043 0 6347 4.18 -3.31 
J1109+0754  167.255096  7.911607  -72.0  65.4 4537  36 1.36 0.07 -3.31 0.15 1.89 0.10  2.562 0.071 1 4901 1.47 -3.02 
J1118-0650  169.649490 -6.845829  115.7 108.9 4601  23 1.50 0.08 -3.50 0.13 2.01 0.09  2.447 0.080 0 5012 1.95 -3.26 
J1122+1223  170.642624 12.387412  -75.3  56.2 5229  47 2.68 0.06 -2.30 0.09 1.45 0.05  1.489 0.062 0 5290 2.05 -2.28 
J1123+0937  170.977737  9.628229  154.5  75.7 6061  75 4.44 0.02 -2.45 0.10 1.10 0.12 -0.014 0.030 0 6211 4.42 -2.45 
J1123+3217  170.951157 32.286118   68.8  87.8 6226  72 4.37 0.03 -1.95 0.09 1.35 0.09  0.102 0.037 0 6088 4.01 -2.25 
J1125+1011  171.359344 10.198061  203.8  32.0 6285 136 3.97 0.07 -3.06 0.21 1.20 0.27  0.519 0.081 0 6388 4.36 -3.78 
J1127+1041  171.854950 10.686697  -34.4  14.5 6164 175 4.47 0.05 -3.36 0.32 1.50 0.05 -0.015 0.073 0 6050 4.01 -3.32 
J1131+1329  172.904465 13.490932   88.1  17.1 5740 123 3.70 0.06 -2.33 0.19 0.65 0.30  0.631 0.070 0 5750 3.62 -2.40 
J1135+3100  173.825165 31.006306  -36.7  70.2 6368  75 4.19 0.03 -2.84 0.09 1.62 0.16  0.321 0.038 0 6320 4.24 -2.73 
J1137+4413  174.316238 44.222752   94.1  68.2 6321 160 4.08 0.04 -2.13 0.08 1.55 0.07  0.419 0.063 0 6224 3.91 -2.19 
J1142+3311  175.512375 33.186653   74.7  50.2 6166  98 3.91 0.03 -2.12 0.09 1.43 0.09  0.545 0.042 0 6184 4.08 -2.17 
J1144+4032  176.073242 40.538326  -14.6  81.8 5501  98 4.37 0.03 -2.69 0.08 0.95 0.14 -0.113 0.042 0 5857 4.79 -2.36 
J1144+4425  176.123932 44.430592   82.3  15.9 5861 219 4.64 0.06 -2.44 0.18 0.50 0.30 -0.273 0.089 0 5948 4.72 -2.31 
J1145+0359  176.348663  3.996096   11.0  56.7 4951  27 2.04 0.07 -2.43 0.11 1.76 0.05  2.034 0.070 0 4946 1.51 -2.34 
J1147+4458  176.902222 44.981712 -105.4  64.2 5892  91 4.59 0.03 -2.40 0.09 0.60 0.15 -0.214 0.041 0 5933 4.48 -2.36 
J1151-0054  177.812393 -0.903151  -33.0  39.3 6010 100 3.61 0.04 -3.05 0.27 0.00 0.30  0.801 0.050 0 6088 3.08 -3.66 
J1151+1228  177.934875 12.480843  103.7  34.2 5254  67 3.12 0.07 -3.51 0.15 1.34 0.13  1.057 0.073 0 5370 2.01 -3.18 
J1152+1202  178.196045 12.042473  -60.9  20.3 5536  71 4.69 0.02 -2.00 0.12 1.15 0.16 -0.422 0.029 0 5584 5.02 -2.03 
J1153+3112  178.495712 31.201426  215.1  35.2 4686  23 1.19 0.12 -3.12 0.09 2.06 0.08  2.789 0.120 1 5000 1.68 -2.99 
J1158+0531  179.717239  5.533084   46.5  70.7 5634  69 3.61 0.03 -2.29 0.09 1.47 0.07  0.689 0.036 0 5597 3.51 -2.39 
J1158+0734  179.592529  7.574795  257.6  30.3 4415  29 1.08 0.12 -2.93 0.15 2.52 0.10  2.795 0.120 1 4848 1.00 -2.29 
J1205+1309  181.254959 13.159757  135.9  57.2 5683  68 3.68 0.03 -1.67 0.08 1.10 0.06  0.634 0.036 0 5836 4.49 -1.85 
J1206+4528  181.558060 45.473759   34.2  27.2 4933  38 1.78 0.24 -3.23 0.09 2.15 0.13  2.288 0.240 1 5088 1.93 -3.39 
J1207+1524  181.796112 15.402541  303.7  28.8 6321  69 4.18 0.02 -3.13 0.22 0.94 0.30  0.319 0.029 0 6388 4.31 -3.33 
J1207+2244  181.779633 22.746382   53.6  62.5 4826  55 1.87 0.08 -2.76 0.12 1.95 0.07  2.160 0.082 1 4720 1.18 -3.23 
J1208+3954  182.128098 39.902340   89.0  53.6 4774  36 2.02 0.14 -2.64 0.13 1.98 0.07  1.991 0.140 1 4992 1.21 -2.37 
J1210+0023  182.732407  0.398417   99.0 132.8 6034 128 4.42 0.05 -2.15 0.08 1.12 0.08 -0.002 0.063 0 6172 4.64 -2.21 
J1213+2506  183.301270 25.116631  -66.1  31.8 4934  26 1.81 0.11 -2.83 0.13 1.83 0.10  2.258 0.110 1 4875 1.16 -3.22 
J1214-0036  183.581512 -0.613410   69.1  31.7 5339  42 2.84 0.06 -2.91 0.13 1.25 0.09  1.365 0.061 0 5361 3.01 -3.12 
J1214+0453  183.666306  4.896659  202.0  42.9 6371 153 4.17 0.05 -3.01 0.09 1.29 0.24  0.342 0.068 0 6250 3.64 -3.89 
J1216+0231  184.050064  2.518156  109.3 109.3 6027  72 3.51 0.03 -2.84 0.13 0.84 0.22  0.906 0.037 0 5711 3.08 -3.00 
J1216-0244  184.249405 -2.739860   58.5  60.3 6109  63 4.41 0.02 -2.02 0.10 1.10 0.10  0.029 0.028 0 6184 4.39 -2.15 
J1218+2838  184.583481 28.642040   53.4  25.9 4947  28 2.65 0.06 -2.13 0.11 1.24 0.07  1.423 0.061 0 4798 1.50 -3.10 
J1220+1637  185.191864 16.618187  -38.9  23.3 6376 198 3.79 0.08 -2.72 0.18 0.65 0.30  0.724 0.100 0 6347 4.28 -3.11 
J1220+4231  185.222763 42.531551 -161.9  54.1 4814  45 1.88 0.05 -2.80 0.13 1.85 0.06  2.145 0.052 1 4960 1.99 -3.22 
J1221+0907  185.389404  9.121344   82.0  76.7 5207  45 2.64 0.04 -2.34 0.11 1.73 0.06  1.522 0.042 0 5072 2.50 -2.35 
J1225-0452  186.373611 -4.870966  241.0  69.4 4860  29 1.96 0.09 -2.52 0.12 1.75 0.05  2.082 0.090 0 4980 2.21 -2.38 
J1226+2323  186.578995 23.388212  141.8  77.6 4964  27 1.75 0.07 -2.47 0.11 2.01 0.06  2.329 0.070 0 4991 1.02 -2.25 
J1228+2519  187.126694 25.326597   16.0  77.9 6283 133 4.25 0.04 -1.84 0.09 1.23 0.07  0.238 0.057 0 6141 4.25 -2.00 
J1230+2119  187.641373 21.322111   18.0  29.9 4892  55 2.21 0.09 -2.64 0.13 1.88 0.07  1.843 0.092 0 5012 2.27 -2.89 
J1231+1232  187.750168 12.544040   32.3  87.0 6303  92 3.87 0.03 -2.44 0.08 1.12 0.10  0.624 0.041 0 6224 4.12 -2.40 
J1231+5243  187.989731 52.729076 -133.7  68.5 5824  74 3.66 0.03 -1.99 0.09 1.43 0.07  0.696 0.037 0 5918 4.12 -2.24 
J1233+1952  188.424728 19.871553   67.3  46.9 4386  30 0.87 0.09 -3.13 0.15 2.55 0.11  2.994 0.090 1 4970 1.33 -2.80 
J1234+1420  188.686325 14.346022  141.4  43.4 6158  61 4.21 0.02 -2.14 0.09 1.54 0.11  0.243 0.027 0 6184 4.08 -2.12 
J1234+4201  188.587860 42.032703 -188.5  86.9 6185  99 4.03 0.03 -2.03 0.09 1.40 0.08  0.431 0.042 0 6197 4.04 -2.15 
J1235+0956  188.908966  9.937829   -7.2  31.3 6217 180 4.26 0.24 -2.26 0.25 2.40 0.30  0.210 0.246 1 6198 4.34 -2.36 
J1235+3712  188.983292 37.206848   43.0  93.2 6105  55 2.60 0.06 -3.52 0.16 2.95 0.26  1.838 0.062 0 6212 2.91 -3.06 
J1236+3424  189.013733 34.410988  249.7  57.1 4937  26 1.77 0.06 -2.53 0.13 1.99 0.06  2.299 0.061 0 5024 1.78 -2.42 
J1237+1922  189.444473 19.380432  -53.1  94.3 4989  50 2.05 0.09 -3.09 0.12 1.93 0.08  2.037 0.091 0 5065 2.00 -3.22 
J1240+5216  190.094681 52.273758 -148.0  49.0 5204  35 2.73 0.03 -2.75 0.10 1.60 0.08  1.431 0.032 0 5422 2.81 -2.82 
J1250-0307  192.666153 -3.130169  397.9  51.8 5344  66 3.11 0.04 -2.07 0.09 1.38 0.05  1.097 0.045 0 5679 3.02 -2.02 
J1253+0753  193.442032  7.895300   91.6 149.7 6227  75 3.71 0.02 -3.83 0.09 1.09 0.30  0.762 0.030 0 6077 3.47 -3.67 
J1256+2321  194.107544 23.361076   56.3  30.7 4663  58 1.56 0.12 -3.07 0.14 2.64 0.12  2.410 0.121 1 4911 2.16 -3.13 
J1257+3749  194.396545 37.817886   -0.5  18.4 4576  33 1.78 0.22 -2.92 0.18 2.29 0.18  2.157 0.220 1 4679 1.20 -3.62 
J1258+1755  194.572418 17.925171   39.9  28.9 5483  84 3.57 0.03 -2.68 0.12 1.07 0.14  0.681 0.039 0 5652 3.86 -2.52 
J1300+0633  195.149231  6.565671  353.4  22.4 5122  42 2.60 0.04 -2.61 0.13 1.59 0.09  1.533 0.042 0 5262 2.16 -2.45 
J1300+2632  195.071640 26.544041  -20.9  13.9 6351 167 4.25 0.08 -1.28 0.18 2.27 0.30  0.257 0.094 0 6416 4.33 -3.83 
J1301+2338  195.496368 23.644657 -127.5  44.9 4797  36 1.85 0.08 -2.55 0.11 1.85 0.05  2.169 0.081 0 4957 1.59 -2.62 
J1305+1200  196.322281 12.004824   20.9  31.2 5123  35 2.76 0.03 -2.32 0.09 1.35 0.07  1.373 0.032 0 5061 2.77 -2.40 
J1305+2137  196.467972 21.621534   62.0  37.5 5152 109 3.01 0.05 -2.38 0.09 1.40 0.06  1.133 0.060 0 5250 2.81 -2.25 
J1305+2815  196.395020 28.252928   56.4  77.2 6218  61 3.87 0.03 -2.86 0.09 1.46 0.11  0.600 0.035 0 6000 3.91 -3.14 
J1306+0846  196.532288  8.771643 -100.2  34.3 6421 126 3.94 0.03 -3.25 0.09 1.71 0.30  0.586 0.048 0 6429 4.03 -3.23 
J1313-0552  198.379898 -5.870120  124.8  38.0 4712  15 2.83 0.18 -4.37 0.15 1.67 0.30  1.158 0.180 1 5075 1.60 -4.09 
J1314+3741  198.740738 37.686314   33.7  55.9 5720  47 3.77 0.02 -2.67 0.10 0.80 0.12  0.555 0.024 0 5888 3.83 -2.57 
J1314+5232  198.626129 52.540363  -61.7  55.1 6130  60 3.83 0.02 -2.17 0.10 1.65 0.09  0.615 0.027 0 6184 4.17 -2.23 
J1315+2045  198.822250 20.750195  -94.3  30.1 5068  46 1.84 0.20 -3.30 0.16 1.58 0.12  2.275 0.200 1 4902 1.74 -3.41 
J1317+5245  199.318710 52.765163  -98.4  59.5 6000  54 3.94 0.02 -1.78 0.09 1.15 0.07  0.468 0.026 0 6000 3.83 -2.16 
J1320+1609  200.014404 16.158224  211.3  41.5 6216 102 4.14 0.03 -2.52 0.09 1.04 0.17  0.329 0.043 0 6037 3.84 -2.43 
J1321+3205  200.476074 32.083759   33.9  19.6 5476  69 3.33 0.05 -2.98 0.19 1.67 0.30  0.919 0.054 0 5338 1.74 -3.14 
J1324+0211  201.062286  2.186695   65.8  49.1 6030  64 3.89 0.03 -2.23 0.14 1.30 0.18  0.527 0.036 0 6170 4.21 -2.14 
J1324+0339  201.224640  3.655267   -0.7  48.8 6221 106 4.43 0.05 -1.88 0.09 1.40 0.08  0.041 0.059 0 6197 4.24 -2.11 
J1326+3937  201.546280 39.619942   44.3  30.7 5031  29 2.20 0.04 -2.48 0.12 1.64 0.07  1.902 0.041 0 5176 2.07 -2.44 
J1327+0710  201.871094  7.181103  -18.6  33.2 6101 118 4.33 0.04 -3.25 0.13 1.07 0.30  0.107 0.053 0 6250 4.04 -3.24 
J1333+4937  203.437988 49.623810  -53.6  26.9 5906  68 2.58 0.05 -2.96 0.09 3.09 0.22  1.801 0.054 0 5813 2.23 -2.80 
J1337-0118  204.466461 -1.314596   31.0  53.6 6005  60 2.71 0.06 -2.73 0.09 3.30 0.30  1.699 0.063 0 6408 3.51 -2.48 
J1339-0439  204.775726 -4.660622   -2.5  56.7 4785  37 1.87 0.07 -2.85 0.13 1.85 0.06  2.145 0.071 1 5012 1.37 -2.64 
J1340+1606  205.014664 16.113693   71.8  16.8 6400 143 3.85 0.05 -3.14 0.10 2.04 0.30  0.670 0.066 0 6416 3.53 -3.46 
J1341+3255  205.387344 32.928051 -244.5  34.8 4780  25 1.94 0.12 -2.81 0.14 2.19 0.09  2.073 0.120 1 4992 1.43 -2.66 
J1341+5135  205.491547 51.592804   45.0  28.0 6560 160 4.32 0.04 -3.02 0.27 0.27 0.30  0.243 0.063 0 6175 2.93 -3.52 
J1342+1748  205.502640 17.811344  -90.0  30.0 5310  59 2.58 0.07 -3.71 0.20 1.38 0.29  1.616 0.072 0 5388 2.83 -3.20 
J1343+0545  205.782547  5.758317 -102.8  14.1 5052  48 2.84 0.17 -2.88 0.18 1.51 0.15  1.269 0.171 1 5338 1.93 -3.33 
J1344+2157  206.202667 21.954025 -186.4  17.2 4566  73 0.67 0.26 -3.61 0.18 2.92 0.24  3.264 0.261 1 4710 3.69 -3.34 
J1345+0024  206.447739  0.407423  194.5  18.4 5972 171 4.47 0.08 -3.20 0.20 2.01 0.30 -0.070 0.095 0 6000 4.04 -3.29 
J1345+0513  206.460266  5.218417   28.4  81.1 4686  32 1.43 0.07 -2.69 0.09 2.04 0.07  2.549 0.071 1 4957 1.59 -2.47 
J1346+1024  206.732498 10.413896  250.6  59.0 6199  77 4.27 0.02 -2.22 0.10 1.52 0.12  0.195 0.031 0 6210 4.12 -2.13 
J1349+1551  207.401993 15.866318 -282.5  18.0 6046 325 4.39 0.12 -3.13 0.20 1.45 0.30  0.031 0.155 0 5916 3.40 -3.34 
J1349+2800  207.373550 28.010332  -93.4  37.0 5255  49 3.07 0.03 -3.38 0.13 1.25 0.10  1.108 0.033 0 5325 2.09 -3.13 
J1350+0819  207.564835  8.321019  -25.6  84.6 6247  73 4.02 0.02 -2.41 0.09 1.65 0.09  0.458 0.030 0 6125 3.80 -2.63 
J1352+2646  208.003876 26.778688 -106.8  74.1 4717  57 1.69 0.08 -3.06 0.12 1.93 0.07  2.300 0.082 1 4975 1.86 -3.06 
J1353+2021  208.311493 20.365349 -234.3  62.6 6081 186 4.25 0.05 -2.79 0.09 1.43 0.11  0.181 0.075 0 6199 4.25 -2.80 
J1358+1257  209.693069 12.951794  163.1  45.3 6540  32 2.59 0.05 -2.38 0.17 2.26 0.29  1.968 0.051 0 6175 2.91 -3.03 
J1359+2112  209.888535 21.216253  -63.8  70.5 6177  66 4.05 0.02 -2.34 0.08 1.40 0.09  0.408 0.028 0 6250 3.89 -2.30 
J1400+1215  210.191483 12.256552  -11.9  59.9 4925  28 2.33 0.06 -2.42 0.10 1.70 0.07  1.735 0.061 0 4980 2.54 -2.43 
J1400+4926  210.230042 49.433708   -0.8  58.8 5166  59 2.49 0.03 -2.58 0.10 1.65 0.06  1.658 0.035 0 5262 1.80 -2.71 
J1401+2659  210.328186 26.997553  -35.8  66.8 6125  63 3.87 0.02 -2.99 0.09 1.54 0.13  0.574 0.028 0 6125 2.96 -3.26 
J1404+3222  211.127502 32.378613  -73.0  68.9 6056  99 4.00 0.03 -2.13 0.08 1.27 0.08  0.424 0.042 0 6050 3.44 -2.28 
J1404+4111  211.038742 41.192013 -122.8  65.2 6195  83 4.06 0.02 -1.92 0.09 1.43 0.08  0.404 0.032 0 6197 4.01 -2.13 
J1406+3219  211.733337 32.317108   25.5  49.4 6123  97 3.87 0.03 -2.12 0.09 1.54 0.08  0.573 0.042 0 6000 3.70 -2.41 
J1409+0126  212.285553  1.437854  -91.1  19.0 4444  34 0.79 0.29 -3.17 0.16 2.60 0.21  3.096 0.290 1 4815 0.97 -2.66 
J1410-0555  212.511810 -5.931057  100.7  82.4 6308  80 4.24 0.02 -3.13 0.14 1.25 0.20  0.255 0.031 0 6250 4.23 -3.38 
J1410+1801  212.611374 18.023256 -149.6  30.6 4714  29 1.57 0.17 -3.62 0.13 2.36 0.17  2.419 0.170 1 5038 2.14 -3.33 
J1413+1727  213.315292 17.455765  107.5  50.6 4593  73 1.39 0.07 -3.25 0.15 2.46 0.10  2.554 0.073 1 5012 1.62 -3.08 
J1414+0016  213.551132  0.271865  -78.1  30.8 4944  40 2.15 0.11 -2.52 0.10 1.82 0.06  1.922 0.111 1 5000 1.50 -2.49 
J1414+1457  213.634415 14.963419 -130.8  89.7 4835  43 1.66 0.05 -2.58 0.12 2.08 0.06  2.373 0.052 0 4995 1.24 -2.29 
J1414+1721  213.551239 17.354977  -75.7  60.9 5075  69 2.73 0.05 -2.45 0.09 1.42 0.05  1.387 0.054 0 5237 2.55 -2.35 
J1415-0435  213.941879 -4.588898  190.3  41.4 6266  80 4.41 0.02 -2.84 0.08 1.49 0.14  0.073 0.031 0 5815 2.47 -3.34 
J1420+2305  215.032974 23.091900  -44.7  20.5 6449 122 4.10 0.03 -2.51 0.23 2.03 0.30  0.433 0.047 0 6375 4.21 -3.05 
J1420+3439  215.213867 34.655945   69.5  17.3 5323  78 3.24 0.07 -3.17 0.13 1.51 0.20  0.960 0.074 0 5500 1.94 -3.34 
J1421+2401  215.460571 24.033077  -47.7  39.0 6590 104 4.25 0.03 -2.68 0.14 1.91 0.30  0.321 0.043 0 6388 4.33 -3.10 
J1423+0322  215.859329  3.378907  -90.3  81.3 4748  33 1.80 0.10 -2.61 0.09 1.99 0.05  2.201 0.100 1 4970 1.18 -2.29 
J1424+3343  216.124832 33.718842  -40.6  63.2 6057  65 4.39 0.02 -1.88 0.09 1.30 0.07  0.034 0.028 0 5908 4.10 -2.13 
J1427+4618  216.804779 46.305058   60.9  35.8 5680  88 4.62 0.03 -2.23 0.11 1.14 0.16 -0.308 0.040 0 5684 5.00 -2.45 
J1428+3430  217.007736 34.513107  -90.9  44.5 6303  66 3.96 0.02 -2.41 0.13 1.60 0.14  0.534 0.028 0 6250 4.03 -2.64 
J1430+2842  217.744598 28.709578 -107.3  44.9 4833  34 1.76 0.19 -3.45 0.13 1.94 0.09  2.272 0.190 1 5051 1.87 -3.42 
J1432+3755  218.189087 37.927578   25.2  83.8 4629  24 1.23 0.05 -3.23 0.14 2.12 0.10  2.727 0.051 1 4815 1.17 -3.21 
J1434+3540  218.682159 35.672359 -201.4  85.2 5927  45 4.38 0.01 -1.91 0.11 1.57 0.12  0.007 0.017 0 5959 4.15 -2.21 
J1435+1213  218.803040 12.221971  -46.4  46.7 5752 393 4.55 0.12 -2.61 0.09 1.30 0.13 -0.215 0.168 0 5833 4.68 -2.51 
J1437+0741  219.417648  7.687787 -153.6  21.0 5241  52 3.01 0.04 -2.14 0.12 1.48 0.09  1.163 0.043 0 5237 2.90 -2.41 
J1437+2621  219.414825 26.356606 -189.7  18.4 4899  37 2.04 0.14 -3.09 0.19 2.34 0.16  2.016 0.140 1 5012 1.28 -3.17 
J1437+5044  219.430145 50.742157 -107.6  26.8 5089  42 2.25 0.04 -2.37 0.13 1.75 0.06  1.872 0.042 0 5193 2.21 -2.37 
J1442-0014  220.653351 -0.246346 -102.7  50.5 5313  44 2.85 0.05 -2.36 0.11 1.62 0.07  1.347 0.052 0 5276 2.78 -2.67 
J1446+3712  221.655106 37.207775 -175.0  33.4 6242  68 4.53 0.02 -3.03 0.13 2.90 0.30 -0.053 0.029 0 5902 2.83 -2.95 
J1449+3104  222.296219 31.077362 -108.0  42.9 6204  71 4.06 0.02 -1.73 0.10 1.20 0.09  0.406 0.029 0 6168 4.18 -2.09 
J1451+3426  222.988342 34.444447  -33.6  27.6 4950  84 2.52 0.22 -3.85 0.09 1.82 0.12  1.554 0.221 1 5138 2.67 -2.97 
J1455+1251  223.750168 12.851722   31.6  51.7 4696  40 1.48 0.08 -2.63 0.10 1.98 0.05  2.502 0.081 1 4957 1.65 -2.46 
J1455+4123  223.993515 41.384251  -42.1  44.4 6208 118 4.07 0.03 -2.32 0.08 1.54 0.09  0.397 0.046 0 6422 4.44 -2.15 
J1456+1830  224.095108 18.507233  -92.2  34.9 4482  72 1.18 0.08 -2.63 0.12 2.11 0.06  2.721 0.083 1 4811 0.97 -2.36 
J1456+3122  224.150467 31.377337 -107.5  65.1 5062  92 2.01 0.07 -2.70 0.12 1.99 0.07  2.103 0.075 0 4886 2.62 -2.98 
J1457+0556  224.467133  5.939711  -68.1  26.0 5705 122 3.77 0.08 -1.86 0.12 1.16 0.10  0.550 0.088 0 5901 4.29 -1.99 
J1458+1128  224.592896 11.470640   -8.8  23.5 5004  64 3.15 0.30 -3.59 0.21 1.37 0.29  0.943 0.301 1 5402 3.22 -3.18 
J1459+0444  224.957291  4.737969 -392.8  63.5 4681  29 1.81 0.08 -2.76 0.11 1.77 0.05  2.167 0.080 0 5000 1.64 -2.48 
J1459+2907  224.978546 29.126501   74.1  53.4 4883  68 1.94 0.06 -2.79 0.13 1.83 0.08  2.110 0.063 0 5012 1.83 -3.04 
J1459+4100  224.797897 41.014297  -38.8  40.8 4461  37 1.19 0.10 -3.11 0.13 2.24 0.07  2.703 0.101 1 4834 2.07 -2.36 
J1501+3445  225.379105 34.752811 -142.4  35.9 5042  33 2.07 0.05 -2.61 0.13 2.06 0.09  2.036 0.051 0 5012 1.51 -2.97 
J1503-0007  225.921494 -0.131365  111.5  20.7 5694 148 4.53 0.05 -3.47 0.16 0.70 0.30 -0.213 0.067 0 5526 2.59 -3.59 
J1516+0442  229.204330  4.706850  -36.3  53.8 4869  29 2.24 0.05 -2.33 0.09 1.71 0.04  1.805 0.051 0 4887 2.14 -2.96 
J1516+1103  229.211456 11.060338  161.2  58.6 5820  69 2.28 0.08 -2.97 0.08 2.77 0.11  2.075 0.083 0 5699 1.27 -2.87 
J1518+2544  229.589813 25.742584  -66.1  81.4 5530  96 2.37 0.04 -2.15 0.10 2.17 0.07  1.896 0.049 0 5487 1.66 -2.29 
J1520+5500  230.068359 55.007545 -139.6  47.9 5500  80 2.04 0.05 -2.18 0.10 2.25 0.08  2.217 0.055 0 5309 1.12 -2.12 
J1522+4107  230.614563 41.131371  -56.3  36.6 5134  31 2.53 0.03 -2.23 0.11 1.60 0.05  1.607 0.031 0 5086 2.27 -2.28 
J1523+0714  230.911789  7.248231 -209.9  74.0 4675  27 1.40 0.08 -2.63 0.12 2.14 0.06  2.575 0.080 0 4940 1.08 -2.58 
J1524+5348  231.186829 53.805412 -223.8  44.2 5749 119 3.73 0.04 -2.03 0.10 1.30 0.07  0.604 0.054 0 5597 3.44 -2.20 
J1529+0804  232.474747  8.080040    0.9  30.8 4868  39 1.97 0.08 -2.89 0.16 1.62 0.09  2.075 0.081 0 5026 1.54 -3.27 
J1541+3009  235.387619 30.165625   77.0  67.2 6104 104 4.23 0.03 -1.83 0.08 1.30 0.08  0.208 0.043 0 6012 3.81 -2.13 
J1542+2115  235.584274 21.256840 -216.1  29.5 5400  67 2.11 0.14 -3.07 0.24 2.21 0.23  2.115 0.141 1 5575 2.47 -3.12 
J1542+5152  235.596298 51.872936 -181.1  25.3 6317  94 4.15 0.02 -2.25 0.14 1.46 0.21  0.347 0.035 0 6398 4.42 -2.30 
J1544+0901  236.109833  9.018212 -109.1  28.2 6583 146 3.93 0.07 -2.81 0.13 1.38 0.30  0.639 0.083 0 6416 4.22 -3.60 
J1548+2113  237.247849 21.224567  -32.5 123.1 5144  42 2.83 0.02 -2.33 0.08 1.45 0.05  1.311 0.024 0 5237 2.60 -2.61 
J1551+2040  237.960098 20.675922  -74.1  23.2 5077  53 2.73 0.06 -2.48 0.12 1.23 0.10  1.388 0.062 0 4933 3.13 -3.12 
J1554-0051  238.553238 -0.860481  186.8  48.8 5503  60 2.36 0.07 -3.02 0.12 1.98 0.19  1.898 0.072 0 5333 3.07 -3.01 
J1558+4149  239.519791 41.825085 -312.7  62.9 6291  60 4.08 0.01 -2.03 0.09 1.35 0.09  0.410 0.021 0 6210 4.12 -2.21 
J1604+1305  241.002029 13.098082 -115.1  48.5 5049  32 2.42 0.04 -2.15 0.09 1.65 0.05  1.688 0.041 0 5004 2.56 -2.25 
J1609+1758  242.461868 17.969515   16.8  21.7 4831  62 1.86 0.25 -3.26 0.15 2.09 0.12  2.172 0.251 1 5000 1.37 -3.36 
J1612-0207  243.025696 -2.117824  -29.0  49.9 5056  39 2.80 0.03 -2.14 0.08 1.37 0.04  1.311 0.032 0 5040 2.28 -2.19 
J1614+4437  243.527115 44.632198  -51.0  41.6 5197  48 2.43 0.03 -2.32 0.13 1.85 0.08  1.728 0.033 0 5215 2.25 -2.35 
J1614+5137  243.601990 51.620213   20.9  42.2 6493 101 4.06 0.03 -2.91 0.14 1.88 0.30  0.485 0.043 0 6444 4.32 -3.15 
J1622+2545  245.715668 25.756533  -68.2  23.8 6430 131 4.16 0.04 -3.20 0.10 1.35 0.30  0.368 0.056 0 6429 4.03 -3.45 
J1625+4836  246.303894 48.610188  -18.4  39.8 5377  45 3.28 0.02 -2.49 0.09 1.60 0.07  0.938 0.024 0 5285 3.73 -2.37 
J1628+5150  247.107285 51.834595  -12.5  40.8 6467  80 3.89 0.02 -2.96 0.08 1.65 0.24  0.648 0.031 0 6361 4.51 -3.52 
J1629+1430  247.258270 14.514119  -70.5  76.0 4600  27 1.03 0.13 -3.45 0.15 2.50 0.14  2.916 0.130 1 4881 2.16 -3.32 
J1630+0953  247.649246  9.888043   32.0  22.9 4665  33 1.16 0.10 -3.04 0.14 2.26 0.11  2.811 0.100 1 5012 1.51 -3.07 
J1632+1022  248.058777 10.373649   37.4  29.1 5230  46 3.13 0.03 -2.61 0.11 1.44 0.09  1.039 0.033 0 5433 2.96 -2.53 
J1634+0206  248.725235  2.104218   85.8  62.6 5338  52 2.35 0.05 -2.15 0.09 1.81 0.05  1.855 0.052 0 5536 2.25 -2.30 
J1634+0724  248.604584  7.404393  -29.6  47.9 4817  40 2.20 0.05 -2.16 0.08 1.51 0.04  1.826 0.051 0 4862 1.60 -2.97 
J1640+1550  250.102890 15.844683   -7.7  74.5 4730  28 1.60 0.05 -2.89 0.09 2.14 0.05  2.395 0.051 0 4913 1.20 -2.72 
J1641+0334  250.257965  3.567229  -51.5  19.8 5064  43 1.90 0.21 -3.26 0.20 1.86 0.19  2.213 0.210 1 5250 1.54 -3.35 
J1645+4357  251.312302 43.953346  -84.4  53.1 4660  36 1.18 0.13 -2.87 0.14 2.41 0.13  2.789 0.130 1 4821 2.53 -3.11 
J1650+0438  252.685257  4.643380 -429.8  16.3 5112  50 2.36 0.30 -3.59 0.26 3.30 0.30  1.770 0.300 1 4777 3.07 -3.85 
J1650+4313  252.559784 43.217541 -215.1  34.0 4915  30 2.02 0.05 -3.02 0.13 1.96 0.10  2.041 0.051 0 4988 2.03 -3.00 
J1650+5402  252.589233 54.045982 -406.9  32.0 4660  22 1.45 0.05 -2.62 0.13 1.95 0.06  2.519 0.050 0 4991 1.78 -2.21 
J1656+4714  254.025009 47.246101  -32.0  29.0 6152  86 4.49 0.02 -2.71 0.16 1.70 0.30 -0.040 0.033 0 6000 4.51 -3.08 
J1657+3443  254.381317 34.724270 -137.4  65.6 4984  29 1.92 0.05 -2.60 0.12 1.83 0.06  2.166 0.051 0 5000 1.62 -3.02 
J1658+4329  254.685196 43.485161 -122.7  59.7 6454 135 3.98 0.04 -2.98 0.10 2.00 0.25  0.555 0.057 0 6111 3.48 -4.18 
J1700+2159  255.073669 21.993647 -121.2  65.8 5601  55 2.17 0.04 -2.63 0.09 1.99 0.07  2.118 0.043 0 5538 1.73 -2.45 
J1702+1732  255.555603 17.536928 -200.9  41.0 5408  48 3.04 0.02 -2.29 0.13 1.60 0.09  1.188 0.025 0 5356 2.91 -2.44 
J1702+1917  255.656113 19.289295 -174.8  52.0 4928  34 2.38 0.04 -2.67 0.10 1.60 0.05  1.686 0.041 0 5012 1.75 -2.48 
J1705+0855  256.374176  8.933104   44.0  48.4 6306 121 4.32 0.03 -2.95 0.20 1.75 0.30  0.174 0.047 0 6351 4.25 -3.40 
J1705+3333  256.487244 33.554047  -58.3  54.2 6370  63 4.08 0.02 -2.32 0.08 1.40 0.08  0.432 0.028 0 6422 4.44 -2.48 
J1717+2449  259.357513 24.823872 -152.8  57.1 4917  56 2.13 0.05 -2.45 0.09 1.65 0.04  1.932 0.053 0 4946 2.43 -2.29 
J1718+5044  259.700562 50.739422 -197.5  77.8 5403 105 2.41 0.04 -2.75 0.09 2.16 0.07  1.816 0.051 0 5538 1.73 -2.53 
J1719+1358  259.758759 13.974175 -120.8  53.0 4775  42 2.05 0.05 -2.77 0.09 1.62 0.05  1.961 0.052 0 5047 2.57 -2.43 
J1730+4143  262.606567 41.726353 -145.6  74.3 4919  30 2.06 0.03 -2.50 0.10 1.70 0.05  2.003 0.031 0 4969 1.81 -2.29 
J1731+2843  262.939758 28.721027 -117.8  72.2 5058  62 2.43 0.04 -2.18 0.09 1.55 0.05  1.681 0.044 0 5024 1.78 -2.20 
J1733+2633  263.360596 26.561991   40.8  94.4 5208  45 2.52 0.03 -3.28 0.11 1.50 0.10  1.642 0.033 0 5250 3.22 -3.03 
J1741+3231  265.443268 32.532421 -264.8  39.4 6462 162 4.10 0.04 -3.14 0.16 1.93 0.30  0.437 0.063 0 6325 3.92 -2.96 
J1745+5410  266.494415 54.173336 -339.4  54.6 5518  78 2.15 0.05 -2.03 0.12 2.03 0.06  2.113 0.055 0 5299 1.55 -2.30 
J1757+2435  269.463348 24.596937 -100.2  73.7 5768  60 2.41 0.04 -2.81 0.08 3.20 0.21  1.929 0.044 0 6250 2.90 -2.26 
J1810+5121  272.749512 51.355526 -190.8  40.5 6213 175 4.33 0.05 -3.30 0.09 1.33 0.20  0.139 0.073 0 6311 4.10 -2.95 
J1811+5159  272.848602 51.996342 -200.4  58.8 4668  46 1.30 0.06 -2.51 0.11 2.01 0.05  2.672 0.062 0 4875 1.13 -2.27 
J1829+4852  277.325409 48.877472   -8.2  95.6 6213  71 4.16 0.02 -2.07 0.09 1.30 0.08  0.309 0.029 0 6111 3.57 -2.23 
J1833+1309  278.320190 13.155890   80.7  83.2 5296 224 3.51 0.67 -2.64 0.08 1.10 0.08  0.681 0.673 0 5538 3.19 -2.44 
J1848+4401  282.249084 44.021763 -326.1  36.7 5270  43 3.14 0.02 -2.54 0.13 1.41 0.09  1.043 0.024 0 5460 3.07 -2.55 
J1855+5903  283.851044 59.054741 -156.9  32.8 6047 114 4.09 0.03 -2.01 0.10 1.38 0.13  0.332 0.046 0 6141 4.18 -2.00 
J1923+5036  290.962311 50.614265 -140.6  43.5 5014  32 1.85 0.06 -2.64 0.09 1.76 0.05  2.246 0.061 0 5238 1.82 -2.72 
J1940+5443  295.011597 54.722038  -56.5  42.1 6035  68 3.91 0.02 -1.83 0.09 1.45 0.09  0.508 0.029 0 6132 4.27 -2.10 
J1954+5853  298.683807 58.898689 -185.4  86.9 5861 108 3.84 0.03 -2.05 0.09 1.23 0.06  0.527 0.044 0 5987 3.95 -2.21 
J1958+5533  299.505737 55.559666 -332.8  61.8 6133  70 3.90 0.02 -2.44 0.09 1.70 0.10  0.546 0.029 0 6161 4.04 -2.38 
J2056+1438  314.052826 14.633580 -298.4  29.1 6042  64 4.34 0.02 -2.48 0.09 1.15 0.18  0.080 0.028 0 6037 3.79 -2.37 
J2109+1725  317.491730 17.428883 -226.6  97.2 4936  42 2.12 0.03 -2.56 0.09 1.71 0.05  1.949 0.033 0 5024 1.82 -2.46 
J2114-0616  318.506317 -6.269527 -161.8  53.6 4727  38 1.69 0.05 -2.55 0.08 1.80 0.06  2.304 0.051 0 4376 1.55 -2.95 
J2141+3019  325.425873 30.326530 -239.6  52.8 5956  96 4.44 0.03 -2.14 0.09 1.30 0.10 -0.045 0.042 0 5827 3.08 -2.31 
J2147+4146  326.837158 41.780663  -89.5  52.4 6290 222 4.46 0.06 -1.95 0.10 1.15 0.10  0.030 0.090 0 6211 4.46 -2.24 
J2156+0809  329.236267  8.164142  -75.1  46.0 6300  71 4.16 0.02 -3.00 0.12 1.12 0.22  0.333 0.029 0 6429 4.26 -3.22 
J2159+0308  329.891113  3.145575  -20.5  44.4 4547  76 1.29 0.10 -2.83 0.13 2.34 0.08  2.636 0.103 1 4801 1.10 -2.98 
J2211+0454  332.769897  4.911949  125.8  14.5 5271  27 2.79 0.10 -0.63 0.12 1.58 0.12  1.393 0.100 1 4690 1.76 -1.92 
J2216+0246  334.149841  2.771391  -98.7  68.6 4806  45 2.10 0.09 -2.56 0.10 1.83 0.06  1.923 0.091 0 4987 2.19 -2.94 
J2216+2232  334.163757 22.547327 -340.6  90.5 4844  55 2.11 0.06 -2.81 0.09 1.85 0.06  1.926 0.062 0 4844 2.53 -3.15 
J2217+2104  334.460785 21.076998 -115.1  47.6 4499  51 1.59 0.21 -4.12 0.14 2.51 0.29  2.318 0.211 1 4539 2.69 -3.77 
J2221+0228  335.453461  2.479126 -138.0  75.7 5425  88 2.69 0.12 -2.81 0.11 1.05 0.08  1.543 0.123 0 5333 2.93 -3.09 
J2224+0707  336.103607  7.121351 -177.7  42.1 4344  51 0.86 0.11 -3.10 0.16 2.64 0.11  2.987 0.111 1 4620 0.80 -3.09 
J2226+3653  336.596802 36.892849  -84.2  49.7 6008 120 4.46 0.03 -2.19 0.10 1.30 0.10 -0.050 0.047 0 5936 4.58 -2.39 
J2227+1425  336.967468 14.421277 -178.8  19.2 4976  85 1.86 0.24 -3.38 0.16 1.76 0.12  2.223 0.241 1 5145 1.02 -3.39 
J2241+2924  340.438080 29.407818 -216.9  34.9 6394 225 4.07 0.07 -3.73 0.10 3.10 0.30  0.448 0.097 0 6500 4.47 -3.79 
J2242+2720  340.689606 27.340151 -394.1 107.1 4759  78 1.56 0.12 -3.73 0.11 1.81 0.08  2.445 0.122 1 4789 3.45 -4.15 
J2248+1455  342.077301 14.928511 -162.4  17.7 5510  61 4.76 0.02 -2.38 0.17 1.40 0.27 -0.500 0.027 0 5245 5.11 -2.98 
J2249+0309  342.378265  3.153617 -166.2  11.0 5136  94 2.30 0.30 -3.59 0.18 1.97 0.30  1.838 0.301 1 5320 2.55 -3.24 
J2253+1134  343.297974 11.569694 -148.4  26.4 4917  46 2.04 0.12 -2.51 0.13 1.76 0.09  2.022 0.121 1 4552 2.38 -3.05 
J2256+0215  344.013794  2.263972 -161.1  42.8 5044  60 1.68 0.09 -2.27 0.12 2.02 0.06  2.426 0.092 1 5004 0.97 -2.30 
J2257+3859  344.351959 38.997513 -374.8  45.4 5309  73 3.42 0.03 -2.65 0.08 1.40 0.09  0.775 0.037 0 5151 3.79 -2.42 
J2323+0342  350.806519  3.715153  109.5  19.4 6166 129 4.18 0.05 -2.33 0.12 1.81 0.17  0.275 0.063 0 6224 4.15 -2.07 
J2323+2236  350.756409 22.600367 -125.1  32.1 6137  77 4.32 0.02 -2.34 0.10 1.48 0.15  0.127 0.031 0 6250 4.09 -2.30 
J2325+0346  351.347229  3.772829   33.5  51.2 6200  70 4.01 0.03 -2.18 0.09 1.36 0.10  0.455 0.037 0 6184 4.08 -2.17 
J2333+0505  353.356537  5.085501 -136.9  28.2 5035  28 2.05 0.06 -2.43 0.12 2.55 0.09  2.053 0.061 0 5039 1.27 -2.33 
J2333+1756  353.352356 17.936150 -309.6  24.9 4736  35 1.74 0.12 -3.22 0.11 2.07 0.10  2.257 0.120 1 4827 1.22 -3.35 
J2344+0204  356.136780  2.072115 -125.8  22.3 6222 105 4.48 0.04 -2.75 0.21 1.10 0.30 -0.010 0.051 0 5929 3.30 -3.08 
J2347+2851  356.998260 28.858528 -241.3  71.3 4864  39 1.88 0.05 -2.36 0.10 1.78 0.04  2.163 0.051 0 4991 1.27 -2.18 
J2349+3119  357.373352 31.331707  -91.9  43.6 5064  35 2.50 0.04 -2.01 0.09 1.47 0.03  1.613 0.041 0 5483 2.71 -2.07 
J2350+0236  357.744995  2.604288    6.1  71.3 6366  93 4.20 0.02 -2.97 0.08 1.54 0.13  0.311 0.034 0 6402 4.26 -3.82 
J2353+0714  358.388763  7.233393 -180.9  37.0 4611  46 1.48 0.12 -3.70 0.18 2.88 0.17  2.471 0.121 1 4988 2.22 -3.56 
